time,frame_idx,dx,dy,theta,theta_px,scale,scale_delta,shear,inlier_ratio,fit_error,num_tracks,num_inliers,x_path,y_path,theta_path,x_res,y_res,theta_res,theta_res_px,vx,vy,vtheta,vtheta_px,ax,ay,atheta,atheta_px,jerk_x,jerk_y,jerk_theta,jerk_theta_px,shake_energy,jerk_energy,valid
0.0,0,0.0,0.0,0.0,0.0,1.0,0.0,0.0,0.0,0.0,0.0,0.0,0.0,0.0,0.0,2.7727055461060663,0.5612810967638121,0.010434512739622138,6.678088153358168,0.0,0.0,0.0,0.0,0.0,0.0,0.0,0.0,0.0,0.0,0.0,0.0,7.252571536980137,0.0,1.0
0.033333335,1,-6.4542026556136625,-2.843379877195181,-0.00908771846874475,-5.816139819996639,1.0113072434256287,0.011307243425628721,0.0,0.42660550458715596,0.7724663615226746,654.0,279.0,-6.4542026556136625,-2.843379877195181,-0.00908771846874475,4.9632425409995955,-1.9750393011750778,0.006596359617703929,4.221670155330514,2.190536994893529,-2.5363203979388897,-0.0038381531219182086,-2.4564179980276535,2.190536994893529,-2.5363203979388897,-0.0038381531219182086,-2.4564179980276535,2.190536994893529,-2.5363203979388897,-0.0038381531219182086,-2.4564179980276535,6.80860159374762,4.155160991830791,1.0
0.06666667,2,-19.849320256508154,2.6064484634443024,-0.026400512918397213,-16.896328267774216,1.0411987621204555,0.04119876212045548,0.0,0.4200626959247649,1.0304999351501465,638.0,268.0,-26.303522912121817,-0.23693141375087867,-0.035488231387141966,-6.838259846893461,1.4918657320644417,-0.015676830594801884,-10.033171580673205,-11.801502387893056,3.4669050332395193,-0.022273190212505813,-14.254841736003721,-13.992039382786585,6.003225431178409,-0.018435037090587605,-11.798423737976067,-16.182576377680114,8.539545829117298,-0.014596883968669396,-9.342005739948414,12.23323314023615,20.54440781410538,1.0
0.1,3,0.23453614566749878,-3.15771138376999,0.013254616202956057,8.482954369891877,1.006863145230773,0.006863145230773027,0.0,0.36231884057971014,1.1262348890304565,621.0,225.0,-26.06898676645432,-3.3946427975208686,-0.022233615184185908,0.8816808131708704,-0.2943102389514176,0.0006617949135081201,0.4235487446451969,7.719940660064331,-1.7861759710158593,0.016338625508310004,10.456720325318402,19.521443047957387,-5.253081004255378,0.03861181572081582,24.711562061322123,33.51348243074397,-11.256306435433787,0.057046852811403426,36.50998579929819,1.0214563682095334,50.821619437687424,1.0
0.13333334,4,-10.417779076557846,-0.7570585932726684,-0.005616057856622887,-3.594277028238648,1.033907638706047,0.03390763870604707,0.0,0.5753205128205128,0.6574329733848572,624.0,359.0,-36.486765843012165,-4.151701390793537,-0.027849673040808796,-2.5785986755345647,0.7889271759089453,-0.0028346377979005903,-1.8141681906563778,-3.460279488705435,1.083237414860363,-0.0034964327114087104,-2.2377169353015747,-11.180220148769767,2.8694133858762223,-0.019835058219718715,-12.694437260619978,-30.701663196727154,8.1224943901316,-0.058446873940534536,-37.405999321942105,3.250043606222186,49.06909234371595,1.0
0.16666667,5,-9.464324399930213,-3.1706219926823884,-0.0108915767927043,-6.970609147330752,1.0200346704361256,0.020034670436125612,0.0,0.38648180242634317,1.0759732723236084,577.0,223.0,-45.95109024294238,-7.322323383475926,-0.0387412498335131,-5.578819986482948,-0.11495646084152344,-0.01249204436513279,-7.994908393684986,-3.0002213109483833,-0.9038836367504688,-0.009657406567232199,-6.180740203028607,0.4600581777570518,-1.9871210516108317,-0.006160973855823489,-3.9430232677270327,11.640278326526818,-4.8565344374870545,0.013674084363895226,8.751413992892944,9.74961576950012,15.351522827931765,1.0
0.2,6,-0.2540231142137139,-6.236575256509085,0.013193790695884595,8.44402604536614,1.0206275175583273,0.020627517558327257,0.0,0.46935201401050786,1.0838276147842407,571.0,268.0,-46.205113357156094,-13.55889863998501,-0.0255474591376285,0.17237191708839816,-3.7006692611998115,0.001129390876879511,0.722810161202887,5.751191903571346,-3.585712800358288,0.0136214352420123,8.717718554887872,8.75141321451973,-2.6818291636078193,0.0232788418092445,14.89845875791648,8.291355036762678,-0.6947081119969876,0.029439815665067988,18.84148202564351,3.7745356784282795,20.596859775926323,1.0
0.23333333,7,-3.883111776123661,2.347430875869747,0.004568549340260747,2.9238715777668784,1.0135051896184049,0.013505189618404856,0.0,0.466786355475763,0.8334798216819763,557.0,260.0,-50.08822513327976,-11.211467764115262,-0.020978909797367752,1.8700955152269003,1.6394299234595966,0.00539798832432126,3.4547125275656065,1.6977235981385022,5.340099184659408,0.004268597447441749,2.7319023663627195,-4.053468305432844,8.925811985017695,-0.009352837794570551,-5.985816188525153,-12.804881519952573,11.607641148625515,-0.03263167960381505,-20.884274946441632,4.256762426789313,27.1082139547012,1.0
0.26666668,8,-5.167447122772151,-8.789532113263366,-0.0036576417654666875,-2.34089072989868,1.0164420901681508,0.01644209016815079,0.0,0.5299295774647887,0.9910627007484436,568.0,301.0,-55.25567225605191,-20.00099987737863,-0.02463655156283444,1.8936125508678145,-3.8579462759552605,0.000791727467486552,0.5067055791913933,0.02351703564091423,-5.497376199414857,-0.004606260856834708,-2.9480069483742133,-1.674206562497588,-10.837475384074265,-0.008874858304276458,-5.679909314736933,2.379261742935256,-19.763287369091962,0.0004779794902940934,0.3059068737882198,4.327385874283094,19.908339787389004,1.0
0.3,9,-4.70213579654817,4.24451209883059,0.0037125527329829326,2.376033749109077,1.017004408724584,0.017004408724583975,0.0,0.5993377483443708,0.9897441864013672,604.0,362.0,-59.95780805260008,-15.756487778548038,-0.020923998829851506,2.0270781245574696,3.935891094202681,0.002985923150950129,1.9109908166080825,0.13346557368965506,7.7938373701579415,0.002194195683463577,1.4042852374166892,0.10994853804874083,13.291213569572799,0.006800456540298285,4.352292185790903,1.7841551005463288,24.128688953647064,0.015675314844574743,10.032201500527835,4.822050427944925,26.192019910496562,1.0
0.33333334,10,-5.300304368083234,-6.5059136611511414,0.001246525550629819,0.7977763524030841,1.0213080260710619,0.02130802607106186,0.0,0.6938053097345133,0.9964413642883301,565.0,392.0,-65.25811242068332,-22.26240143969918,-0.01967747327922169,1.2415207662106553,1.194153814277719,0.002223282934306948,1.4229010779564466,-0.7855573583468143,-2.741737279924962,-0.000762640216643181,-0.48808973865163585,-0.9190229320364693,-10.535574650082904,-0.002956835900106758,-1.892374976068325,-1.0289714700852102,-23.826788219655704,-0.009757292440405043,-6.244667161859228,2.234283917217312,24.653001584248845,1.0
0.36666667,11,-5.897881331797288,-3.8161676277282406,-0.0007176094851609502,-0.4592700705030081,1.0215726763730222,0.02157267637302218,0.0,0.7226027397260274,1.0224722623825073,584.0,422.0,-71.15599375248061,-26.07856906742742,-0.02039508276438264,-0.4279594886778,1.314695430094467,-0.0009153717954829589,-0.5858379491090937,-1.6694802548884553,0.12054161581674805,-0.0031386547297899067,-2.0087390270655403,-0.883922896541641,2.86227889574171,-0.0023760145131467257,-1.5206492884139045,0.03510003549482832,13.397853545824614,0.0005808213869600322,0.3717256876544206,1.5015923216629035,13.403055309694095,1.0
0.4,12,-6.859421695421618,0.6906242084370268,-0.010901979653421916,-6.977266978190027,1.0182734885712106,0.018273488571210583,0.0,0.7831125827814569,1.037606120109558,604.0,473.0,-78.01541544790223,-25.387944858990394,-0.031297062417804555,-3.3108176123443087,6.0722434968152825,-0.01457134693049211,-9.32566203551495,-2.8828581236665087,4.757548066720815,-0.01365597513500915,-8.739824086405857,-1.2133778687780534,4.637006450904067,-0.010517320405219244,-6.731085059340316,-0.3294549722364124,1.7747275551623574,-0.008141305892072518,-5.210435770926411,11.610410274726283,5.5142396934421845,1.0
0.43333334,13,-0.7030582882082195,-11.711981070546514,0.020036609768466447,12.823430251818525,1.0219807262478302,0.021980726247830207,0.0,0.5094991364421416,1.1510695219039917,579.0,295.0,-78.71847373611045,-37.09992592953691,-0.011260452649338108,-0.25464140627732945,-1.48491734828864,0.0024572463598265294,1.5726376702889788,3.0561762060669793,-7.5571608451039225,0.01702859329031864,10.898299705803929,5.939034329733488,-12.314708911824738,0.03068456842532779,19.638123792209786,7.152412198511541,-16.951715362728805,0.04120188883054703,26.369208851550102,2.1778454993528373,32.153581907045144,1.0
0.46666667,14,-0.2957503176203323,-1.5325105959181606,0.012554015862252974,8.034570151841903,1.0165060017760146,0.01650600177601458,0.0,0.4440677966101695,0.8721709847450256,590.0,262.0,-79.01422405373079,-38.63243652545507,0.0012935632129148656,3.0260221205714686,1.182970400814547,0.011828153987768793,7.570018552172027,3.280663526848798,2.667887749103187,0.009370907627942264,5.997380881883049,0.22448732078181877,10.22504859420711,-0.007657685662376375,-4.90091882392088,-5.714547008951669,22.539757506031847,-0.03834225408770416,-24.539042616130665,8.237803695380212,33.80623209505186,1.0
0.5,15,-7.758700106580706,-6.325515564021917,-0.0087736975898748,-5.615166457519872,1.015090781195534,0.015090781195534086,0.0,0.6269430051813472,0.6809406876564026,579.0,363.0,-86.77292416031149,-44.95795208947699,-0.007480134376959935,-1.3045763636743857,-0.9388869461883402,-0.00022481435218213441,-0.14388118539656602,-4.330598484245854,-2.121857347002887,-0.012052968339950927,-7.713899737568593,-7.611262011094652,-4.789745096106074,-0.02142387596789319,-13.711280619451642,-7.835749331876471,-15.014793690313184,-0.013766190305516816,-8.810361795530762,1.61373169451798,19.09097881521058,1.0
0.53333336,16,-0.07823169734933125,-4.243484474761533,0.009452582171491945,6.049652589754845,1.013680059321677,0.01368005932167704,0.0,0.7049808429118773,0.7130171060562134,522.0,368.0,-86.85115585766083,-49.20143656423852,0.00197244779453201,1.8905959423731673,-1.3887056379325031,0.005878004456922008,3.761922852430085,3.195172306047553,-0.4498186917441629,0.0061028188091041425,3.905804037826651,7.525770790293407,1.6720386552587243,0.01815578714905507,11.619703775395244,15.13703280138806,6.461783751364798,0.03957966311694826,25.330984394846887,4.433386957370077,30.208329673976955,1.0
0.56666666,17,-2.3304099560741585,-5.5009096903629375,0.005094551652904791,3.2605130578590664,1.018645868524134,0.01864586852413397,0.0,0.641390205371248,0.9765601754188538,633.0,406.0,-89.18156581373499,-54.70234625460146,0.007066999447436801,2.564246960073575,-3.184368257288206,0.007506287027071278,4.804023697325618,0.6736510177004078,-1.7956626193557028,0.0016282825701492698,1.0421008448955327,-2.521521288347145,-1.34584392761154,-0.004474536238954873,-2.8637031929311183,-10.047292078640552,-3.0178825828702642,-0.022630323388009944,-14.483406968326364,6.308265003528101,17.883645344494774,1.0
0.6,18,-5.567042570531687,-4.687378416625288,-0.0016028786833026944,-1.0258423573137245,1.018184055675211,0.018184055675211086,0.0,0.7861736334405145,0.8338708281517029,622.0,489.0,-94.74860838426667,-59.389724671226745,0.005464120764134107,0.5071171091774715,-4.456805397270109,0.003936861790465687,2.5195915458980394,-2.0571298508961036,-1.2724371399819034,-0.0035694252366055912,-2.2844321514275783,-2.7307808685965114,0.5232254793737994,-0.005197707806754861,-3.326532996323111,-0.2092595802493662,1.8690694069853393,-0.0007231715677999883,-0.46282980339199253,5.1447666292765275,1.9368586543582729,1.0
0.6333333,19,-3.9115182929347956,-1.8787132182402522,-0.004926040354780637,-3.1526658270596073,1.0114369369784808,0.011436936978480805,0.0,0.6417910447761194,0.7471787929534912,670.0,430.0,-98.66012667720148,-61.268437889466995,0.0005380804093534702,-0.018103963212880103,-3.3204543134383044,-0.0027465912881805103,-1.7578184244355266,-0.5252210723903517,1.136351083831805,-0.006683453078646197,-4.277409970333566,1.531908778505752,2.4087882238137084,-0.0031140278420406058,-1.9929778189059877,4.262689647102263,1.885562744439909,0.0020836799647142553,1.3335551774171233,3.757082673351766,4.84811708830847,1.0
0.6666667,20,-2.751179213563735,-4.87891801262621,0.008177562734544466,5.233640150108458,1.0228814217101374,0.022881421710137406,0.0,0.6331738437001595,0.8718337416648865,627.0,397.0,-101.4113058907652,-66.14735590209321,0.008715643143897937,0.6258526155905884,-5.088336272340378,0.003419753434306205,2.1886421979559714,0.6439565788034685,-1.7678819589020733,0.006166344722486715,3.9464606223914975,1.1691776511938201,-2.9042330427338783,0.012849797801132913,8.223870592725063,-0.3627311273119318,-5.313021266547587,0.01596382564317352,10.216848411631052,5.574317194736042,11.521447839388756,1.0
0.7,21,-3.60282150666391,-2.8665732049039656,0.0014088141064352053,0.9016410281185314,1.0161248815215136,0.01612488152151359,0.0,0.7447154471544716,0.903344988822937,615.0,458.0,-105.01412739742912,-69.01392910699718,0.010124457250333143,0.6296733356391258,-5.045892917464968,0.0035366510281153677,2.263456657993835,0.003820720048537396,0.04244335487540951,0.00011689759380916279,0.07481446003786418,-0.6401358587549311,1.8103253137774828,-0.0060494471286775525,-3.871646162353634,-1.8093135099487512,4.714558356511361,-0.018899244929810467,-12.095516755078698,5.566036281480265,13.107333880184166,1.0
0.73333335,22,-3.9920484919230947,-1.9569126896615359,-0.00020455645008991805,-0.13091612805754754,1.012607493608115,0.012607493608115083,0.0,0.641860465116279,1.045346975326538,645.0,414.0,-109.00617588935222,-70.97084179665872,0.009919900800243225,0.3416471876363971,-3.939455559804344,0.002223427662691197,1.4229937041223661,-0.28802614800272863,1.1064373576606243,-0.0013132233654241706,-0.8404629538714692,-0.29184686805126603,1.0639940027852148,-0.0014301209592333334,-0.9152774139093334,0.34828899070366504,-0.746331310992268,0.004619326169444219,2.9563687484443,4.202492592553271,3.0689463702695967,1.0
0.76666665,23,-3.571615652053902,-1.0287747178149516,-0.000587372859714032,-0.37591863021698046,1.0173565516600027,0.017356551660002717,0.0,0.6359447004608295,1.0380491018295288,651.0,414.0,-112.57779154140613,-71.99961651447367,0.009332527940529193,0.42105953006613106,-2.2437419373170258,0.00038593735628600356,0.24699990802304228,0.07941234242973394,1.6957136224873182,-0.0018374903064051935,-1.1759937960993239,0.36743849043246257,0.5892762648266938,-0.0005242669409810229,-0.3355308422278547,0.6592853584837286,-0.474717737958521,0.0009058540182523105,0.5797465716814787,2.296231252225712,0.998058215746908,1.0
0.8,24,-2.9683067115275277,-1.0209001534002475,0.004538847031803894,2.9048621003544923,1.0122008588193923,0.012200858819392257,0.0,0.45614035087719296,0.9944843053817749,627.0,286.0,-115.54609825293366,-73.02051666787392,0.013871374972333088,1.13172815597909,-0.3718043903345176,0.004255017680500987,2.723211315520632,0.7106686259129589,1.8719375469825081,0.0038690803242149834,2.4762114074975896,0.6312562834832249,0.17622392449518998,0.005706570630620177,3.652205203596913,0.26381779305076236,-0.41305234033150384,0.0062308375716012,3.987736045824768,2.972360508533153,4.017742007017581,1.0
0.8333333,25,-6.171800385923069,-1.584777151810183,-0.010836916781562329,-6.935626740199891,1.019962346164484,0.019962346164484,0.0,0.7712,1.0537391901016235,625.0,482.0,-121.71789863885672,-74.6052938196841,0.003034458190770759,-1.0342292851946127,0.38510181479566086,-0.006280837222037027,-4.019735822103697,-2.1659574411737026,0.7569062051301785,-0.010535854902538014,-6.742947137624329,-2.8766260670866615,-1.1150313418523297,-0.014404935226752997,-9.219158545121918,-3.5078823505698864,-1.2912552663475196,-0.020111505857373174,-12.871363748718831,4.168478103770818,13.403155729161071,1.0
0.8666667,26,-3.634444660582968,0.5942405074338911,0.0077111725146671575,4.9351504093869805,1.0145857739409179,0.014585773940917868,0.0,0.565625,0.8814841508865356,640.0,362.0,-125.3523432994397,-74.01105331225021,0.010745630705437915,-0.5482594870701121,3.4347111935782237,0.0018632992724579335,1.1925115343730774,0.4859697981245006,3.049609378782563,0.00814413649449496,5.212247356476775,2.651927239298203,2.2927031736523844,0.018679991397032976,11.955194494101104,5.528553306384865,3.407734515504714,0.033084926623785975,21.174353039223025,3.676943460004078,22.14792953798062,1.0
0.9,27,-1.4410903100352535,-4.099463545202038,-0.001307968048704271,-0.8370995511707334,1.0119346662307194,0.01193466623071937,0.0,0.5228658536585366,0.9062740802764893,656.0,343.0,-126.79343360947495,-78.11051685745225,0.009437662656733644,2.0859643521447566,1.732576802429989,0.000885040927365896,0.5664261935141734,2.6342238392148687,-1.7021343911482347,-0.0009782583450920375,-0.626085340858904,2.148254041090368,-4.751743769930798,-0.009122394839586998,-5.838332697335678,-0.5036731982078351,-7.044446943583182,-0.027802386236619972,-17.79352719143678,2.770181995363513,19.143864012888084,1.0
0.93333334,28,-6.390995938713846,2.1173486596943576,-0.0035819833186731794,-2.2924693239508347,1.0171521583013825,0.017152158301382503,0.0,0.5613126079447323,0.9599542617797852,579.0,325.0,-133.1844295481888,-75.9931681977579,0.005855679338060465,0.25071110122269147,5.977763701000072,-0.001141473456130063,-0.7305430119232403,-1.8352532509220651,4.245186898570083,-0.002026514383495959,-1.2969692054374138,-4.469477090136934,5.947321289718317,-0.0010482560384039216,-0.6708838645785098,-6.617731131227302,10.699065059649115,0.008074138801183076,5.167448832757168,6.027454521897304,13.600253156282898,1.0
0.96666664,29,-2.469869640852616,-6.237629986281407,0.004916324690932456,3.146447802196772,1.0197023925810185,0.01970239258101847,0.0,0.4421416234887737,0.9687680006027222,579.0,256.0,-135.6542991890414,-82.2307981840393,0.01077200402899292,2.38353353724267,2.190978923978463,0.004972002823645492,3.1820818071331147,2.1328224360199783,-3.7867847770216088,0.006113476279775555,3.9126248190563553,3.9680756869420435,-8.031971675591691,0.008139990663271514,5.209594024493769,8.437552777078977,-13.979292965310009,0.009188246701675435,5.880477889072279,4.539522595578298,17.354911376317283,1.0
1.0,30,-5.341886598158543,-0.3667369650293583,-0.006864601267299588,-4.393344811071737,1.0195393693879502,0.0195393693879502,0.0,0.6747826086956522,0.9706853628158569,575.0,388.0,-140.99618578719995,-82.59753514906866,0.0039074027616933325,1.4229481189637454,3.9577324335609205,-0.0014893406998458042,-0.9531780479013147,-0.9605854182789244,1.7667535095824576,-0.006461343523491296,-4.1352598550344295,-3.0934078542989027,5.553538286604066,-0.01257481980326685,-8.047884674090785,-7.061483541240946,13.585509962195758,-0.020714810466538364,-13.257478698584553,4.312421101414317,20.25318177915658,1.0
1.0333333,31,-4.475008696658541,-2.851044595756577,0.0030983380511582074,1.9829363527412527,1.0170551737430242,0.017055173743024232,0.0,0.5763546798029556,1.018767237663269,609.0,351.0,-145.47119448385848,-85.44857974482524,0.0070057408128515394,1.53665487442899,3.427153502279552,0.002548533055476139,1.631061155504729,0.11370675546524467,-0.5305789312813687,0.004037873755321943,2.5842392034060433,1.074292173744169,-2.2973324408638263,0.010499217278813238,6.719499058440473,4.167700028043072,-7.850870727467893,0.023074037082080088,14.767383732531256,4.094758823702539,17.23605282560341,1.0
1.0666667,32,-5.649367842905702,-4.182183448182863,-0.007879423937672098,-5.0428313201101425,1.0182935226525711,0.018293522652571115,0.0,0.4837662337662338,1.0419697761535645,616.0,298.0,-151.12056232676417,-89.63076319300811,-0.0008736831248205585,0.5173607033486292,1.5585787811377827,-0.004253103021357188,-2.7219859336686003,-1.019294171080361,-1.8685747211417691,-0.006801636076833327,-4.353047089173329,-1.1330009265456056,-1.3379957898604005,-0.010839509832155269,-6.937286292579373,-2.2072931002897747,0.9593366510034258,-0.021338727110968507,-13.656785351019845,3.178999423949625,13.867236774656137,1.0
1.1,33,-6.33446555203421,-2.1137010357996333,0.0008849998302709409,0.5663998913734022,1.0219656021566872,0.021965602156687192,0.0,0.46397188049209137,1.197252631187439,569.0,264.0,-157.45502787879838,-91.74446422880774,1.1316705450382394e-05,-1.282940491075351,1.8002212231938586,-0.0026995332474012315,-1.7277012783367882,-1.8003011944239802,0.24164244205607588,0.0015535697739559565,0.9942846553318121,-0.7810070233436193,2.110217163197845,0.008355205850789284,5.347331744505142,0.3519939032019863,3.4482129530582455,0.019194715682944553,12.284618037084513,2.805652234908102,12.764243518305038,1.0
1.1333333,34,-0.681090907621741,-10.305306690783667,0.013628831783576835,8.722452341489173,1.0195186486547172,0.019518648654717197,0.0,0.3843283582089552,1.112867832183838,536.0,206.0,-158.13611878642013,-102.04977091959141,0.013640148489027218,2.4079412435093843,-5.7309313535615445,0.010766239978756146,6.890393586403933,3.6908817345847353,-7.531152576755403,0.013465773226157378,8.618094864740723,5.4911829290087155,-7.772795018811479,0.011912203452201422,7.62381020940891,6.272189952352335,-9.883012182009324,0.003556997601412138,2.2764784649037684,9.280047359091695,11.924623716885364,1.0
1.1666666,35,-9.091571696549073,2.3794168283224524,-0.014342242798890684,-9.179035391290038,1.0212706121526816,0.021270612152681556,0.0,0.6229235880398671,0.9057406783103943,602.0,375.0,-167.2276904829692,-99.67035409126896,-0.0007020943098634668,-2.118566315143539,-0.7093709546410167,-0.0028870842839695075,-1.8477339417404848,-4.5265075586529235,5.021560398920528,-0.013653324262725653,-8.738127528144418,-8.217389293237659,12.55271297567593,-0.027119097488883033,-17.35622239288514,-13.708572222246374,20.32550799448741,-0.03903130094108445,-24.98003260229405,2.8992500931118395,35.00076079770538,1.0
1.2,36,-7.065634645708137,-5.2417468202939554,-0.006217921343823575,-3.979469660047088,1.0158599225663083,0.015859922566308304,0.0,0.6785714285714286,1.0642672777175903,616.0,418.0,-174.29332512867734,-104.91210091156292,-0.006920015653687042,-4.368309344232728,-3.329545827069694,-0.00787691027268572,-5.041222574518861,-2.2497430290891884,-2.6201748724286773,-0.004989825988716213,-3.1934886327783762,2.276764529563735,-7.641735271349205,0.00866349827400944,5.544638895366042,10.494153822801394,-20.194448247025136,0.03578259576289247,22.900861288251182,7.4553287645352535,32.28610308169933,1.0
1.2333333,37,-0.2684362026070139,-1.6063885390310217,0.006690180498236794,4.2817155188715486,1.0137148048631355,0.013714804863135477,0.0,0.609642301710731,0.9259485006332397,643.0,392.0,-174.56176133128434,-106.51848945059393,-0.00022983515545024757,0.06487966963638314,-2.065815776175498,-0.0004786617534183814,-0.3063435221877641,4.433189013869111,1.2637300508941962,0.007398248519267339,4.734879052331097,6.682932042958299,3.8839049233228735,0.012388074507983552,7.928367685109473,4.406167513394564,11.525640194672079,0.003724576233974111,2.383728789743431,2.089413924097881,12.56729314515206,1.0
1.2666667,38,-5.983674021194044,-2.462652871464915,-0.006169131515174558,-3.948244169711717,1.0137867779938614,0.01378677799386141,0.0,0.6054628224582701,0.9232383966445923,659.0,399.0,-180.5454353524784,-108.98114232205884,-0.0063989666706248055,-1.407575359615464,-1.4635924138265892,-0.006573975135882721,-4.207344086964941,-1.4724550292518472,0.6022233623489086,-0.0060953133824643395,-3.9010005647771773,-5.905644043120958,-0.6615066885452876,-0.013493561901731678,-8.635879617108275,-12.588576086079257,-4.545411611868161,-0.02588163640971523,-16.564247302217748,4.67173580298867,21.295710912889017,1.0
1.3,39,-6.340470646272257,-3.133068285470027,-0.0009250184982321307,-0.5920118388685637,1.021019248841201,0.0210192488412011,0.0,0.5689655172413793,0.9187555313110352,638.0,363.0,-186.88590599875064,-112.11421060752888,-0.007323985168856936,-3.1947928018165044,-1.4187013574696579,-0.007464681212798962,-4.777395976191336,-1.7872174422010403,0.04489105635693136,-0.0008907060769162414,-0.5700518892263945,-0.31476241294919305,-0.5573323059919773,0.005204607305548098,3.3309486755507827,5.590881630171765,0.10417438255331035,0.018698169207279777,11.966828292659057,5.919706656714839,13.208852678811954,1.0
1.3333334,40,0.43203484982026535,-4.93096059003887,0.01659388924278578,10.6200891153829,1.0144430202973393,0.014443020297339348,0.0,0.6215277777777778,0.8410772681236267,576.0,358.0,-186.45387114893038,-117.04517119756774,0.009269904073928845,1.5448917283636376,-3.0379399231628526,0.008252316040160631,5.281482265702804,4.739684530180142,-1.6192385656931947,0.015716997252959594,10.05887824189414,6.526901972381182,-1.664129622050126,0.016607703329875836,10.628930131120535,6.841664385330375,-1.1067973160581488,0.01140309602432774,7.297981455569753,6.285684079879161,10.064487328531524,1.0
1.3666667,41,-4.079969218051,-1.3592861541067849,-0.00023868659530891823,-0.15275942099770767,1.0143166982443417,0.014316698244341675,0.0,0.6113671274961597,0.8367239236831665,651.0,398.0,-190.53384036698137,-118.40445735167452,0.009031217478619926,1.753135719689709,-0.6841466898096655,0.006848887257821414,4.383287845005705,0.2082439913260714,2.353793233353187,-0.0014034287823392168,-0.8981944206970988,-4.531440538854071,3.9730317990463817,-0.01712042603529881,-10.957072662591239,-11.058342511235253,5.637161421096508,-0.03372812936517465,-21.586002793711778,4.770194322771792,24.900201697846228,1.0
1.4,42,-9.290364451518242,-2.460095769395673,-0.009002758114825616,-5.761765193488394,1.0189554260417113,0.0189554260417113,0.0,0.7361769352290679,0.9247878789901733,633.0,466.0,-199.8242048184996,-120.8645531210702,2.8459363794310424e-05,-3.2704099946593033,0.4786519282679791,-0.0037644241759881647,-2.4092314726324253,-5.023545714349012,1.1627986180776446,-0.010613311433809579,-6.79251931763813,-5.231789705675084,-1.1909946152755424,-0.009209882651470363,-5.894324896941033,-0.7003491668210131,-5.164026414321924,0.007910543383828447,5.062747765650206,4.0901204738154995,7.265608900971589,1.0
1.4333333,43,-0.44791457931135614,-1.4445579905695975,0.00508170128115494,3.2522888199391615,1.013312815972256,0.013312815972255976,0.0,0.584518167456556,0.8421560525894165,633.0,370.0,-200.27211939781094,-122.3091111116398,0.00511016064494925,0.3726999823220183,2.8441471972927133,-0.0005916907186922149,-0.3786820599630175,3.6431099769813216,2.365495269024734,0.00317273345729595,2.0305494126694077,8.666655691330334,1.2026966509470896,0.013786044891105529,8.823068730307538,13.898445397005418,2.393691266222632,0.022995927542575893,14.717393627248573,2.8933507667112646,20.383773387449843,1.0
1.4666667,44,-2.2780266991551703,-2.051203421331212,0.006129484553336758,3.9228701141355247,1.0144025700673298,0.014402570067329812,0.0,0.7210776545166403,0.8239341974258423,631.0,455.0,-202.5501460969661,-124.360314532971,0.011239645198286009,2.146843242736253,4.503508173914881,0.0035315740624080848,2.2602073999411743,1.7741432604142346,1.6593609766221675,0.0041232647811003,2.638889459904192,-1.868966716567087,-0.7061342924025666,0.0009505313238043498,0.6083400472347839,-10.53562240789742,-1.9088309433496562,-0.012835513567301178,-8.214728683072753,5.477139698067715,13.495360033306913,1.0
1.5,45,-6.339279819639758,-6.688010502617911,-0.005383834499948123,-3.4456540799667987,1.0157921728229813,0.015792172822981287,0.0,0.6842923794712286,0.8192591667175293,643.0,440.0,-208.88942591660586,-131.0483250355889,0.005855810698337885,-0.253162029360368,1.678069175792217,-0.004399016074214855,-2.8153702874975073,-2.400005272096621,-2.8254389981226637,-0.00793059013662294,-5.075577687438681,-4.174148532510856,-4.484799974744831,-0.01205385491772324,-7.714467147342874,-2.3051818159437687,-3.7786656823422646,-0.01300438624152759,-8.322807194577656,3.28729630967116,9.42662702887849,1.0
1.5333333,46,-5.541097961676592,-1.8889441203150028,0.00017029696104644114,0.10899005506972233,1.01803389515463,0.018033895154629942,0.0,0.7867298578199052,0.7284429669380188,633.0,498.0,-214.43052387828246,-132.9372691559039,0.006026107659384327,-1.905173548088385,3.774595244306596,-0.006956523089115215,-4.452174777033738,-1.6520115187280169,2.096526068514379,-0.00255750701490036,-1.6368044895362304,0.7479937533686041,4.921965066637043,0.00537308312172258,3.438773197902451,4.92214228587946,9.406765041381874,0.01742693803944582,11.153240345245326,6.1399605659916965,15.398359764111724,1.0
1.5666667,47,-0.9063152755075129,-4.702329702033728,0.012042898576069286,7.707455088684343,1.0166074122992936,0.016607412299293633,0.0,0.6485671191553545,0.9338079690933228,663.0,430.0,-215.33683915378998,-137.6395988579376,0.018069006235453614,1.03789851214745,3.032402380159681,0.001921664807410333,1.2298654767426132,2.943072060235835,-0.7421928641469151,0.008878187896525547,5.68204025377635,4.595083578963852,-2.838718932661294,0.011435694911425907,7.31884474331258,3.8470898255952477,-7.760683999298337,0.006062611789703327,3.880071545410129,3.432967609459682,9.491220757134725,1.0
1.6,48,-4.572962058458714,-6.493245749637391,0.0004962169269124951,0.3175788332239968,1.0146233102642659,0.014623310264265887,0.0,0.5891238670694864,1.1041386127471924,662.0,390.0,-219.90980121224868,-144.132844607575,0.01856522316236611,0.6006975963637444,0.5481761542088748,-9.0203366726882e-05,-0.057730154705204484,-0.43720091578370557,-2.484226225950806,-0.002011868174137215,-1.2875956314478176,-3.3802729760195405,-1.742033361803891,-0.010890056070662762,-6.969635885224168,-7.975356554983392,1.096685570857403,-0.02232575098208867,-14.288480628536748,0.8152714082332944,16.400296036734012,1.0
1.6333333,49,-10.075321344992041,1.4390334749960214,-0.017195629847912026,-11.005203102663696,1.0145456892463933,0.014545689246393323,0.0,0.8072100313479624,0.7319250106811523,638.0,515.0,-229.98512255724071,-142.693811132579,0.0013695933144540831,-5.270897044734852,5.907200461653304,-0.020029379218764697,-12.818802700009407,-5.871594641098596,5.359024307444429,-0.019939175852037815,-12.761072545304202,-5.434393725314891,7.843250533395235,-0.0179273076779006,-11.473476913856384,-2.0541207492953504,9.585283895199126,-0.007037251607237838,-4.503841028632216,15.06648849639889,10.788033343266989,1.0
1.6666666,50,-1.7749678251429248,-7.2847647273101535,0.012144415670164164,7.772426028905065,1.0200374217401666,0.02003742174016665,0.0,0.5479674796747968,0.9466149806976318,615.0,337.0,-231.76009038238365,-149.97857585988913,0.013514008984618247,-3.0083121922872635,2.8970228040788584,-0.011409695975276338,-7.302205424176856,2.2625848524475884,-3.010177657574445,0.00861968324348836,5.51659727583255,8.134179493546185,-8.369201965018874,0.028558859095526176,18.277669821136755,13.568573218861076,-16.21245249841411,0.046486166773426776,29.751146734993135,8.412186839965875,36.497678381727525,1.0
1.7,51,2.342016530746294,-10.029427546843095,0.025067884402446908,16.04344601756602,1.0156427233347676,0.015642723334767572,0.0,0.5970873786407767,0.9328610897064209,618.0,369.0,-229.41807385163736,-160.00800340673223,0.03858189338706516,3.6851027142434134,-3.2250219701575134,0.010900233295260131,6.976149308966484,6.693414906530677,-6.122044774236372,0.022309929270536467,14.278354733143338,4.4308300540830885,-3.1118671166619265,0.013690246027048108,8.76175745731079,-3.7033494394630964,5.2573348483569475,-0.014868613068478068,-9.515912363825963,8.523344877659026,11.485075310790776,1.0
1.7333333,52,-4.730735269154023,-4.073642150300483,0.0018724261616245412,1.1983527434397063,1.0155102801990066,0.015510280199006576,0.0,0.717219589257504,0.8466750383377075,633.0,454.0,-234.14880912079138,-164.08164555703272,0.0404543195486897,3.600358114876542,-3.289789849892145,0.01029783654537976,6.590615389043046,-0.0847445993668714,-0.0647678797346316,-0.0006023967498803712,-0.38553391992343755,-6.778159505897548,6.05727689450174,-0.02291232602041684,-14.663888653066778,-11.208989559980637,9.169144011163667,-0.03660257204746495,-23.425646110377567,8.198872301609642,27.5404347195512,1.0
1.7666667,53,-7.123980454256629,-4.43486399616642,-0.002633372120540536,-1.685358157145943,1.017731719704863,0.01773171970486298,0.0,0.7423780487804879,0.9920774698257446,656.0,487.0,-241.27278957504802,-168.51650955319914,0.03782094742814916,0.98669407440957,-3.8895684482474735,0.005013593354568878,3.208699746924082,-2.613664040466972,-0.5997785983553285,-0.005284243190810882,-3.3819156421189644,-2.5289194411001006,-0.5350107186206969,-0.004681846440930511,-2.996381722195527,4.249240064797448,-6.592287613122437,0.018230479579486328,11.66750693087125,5.13790443429886,14.058627780986876,1.0
1.8,54,-1.867458406165336,-5.179353631153325,0.009553267694965487,6.114091324777911,1.0162750341651994,0.016275034165199376,0.0,0.6768,0.8977959156036377,625.0,423.0,-243.14024798121335,-173.69586318435248,0.04737421512311465,3.7869465854268753,-5.366278289031271,0.012405543270479984,7.9395476931071896,2.8002525110173053,-1.4767098407837977,0.007391949915911106,4.730847946183108,5.413916551484277,-0.8769312424284692,0.012676193106721988,8.112763588302073,7.942835992584378,-0.34192052380777227,0.0173580395476525,11.109145310497599,10.304092618339974,13.660844145932037,1.0
1.8333334,55,-6.900525324184043,-4.530042016544624,-0.002109595002142906,-1.35014080137146,1.0150829485652564,0.015082948565256382,0.0,0.6649029982363316,1.085239052772522,567.0,377.0,-250.04077330539738,-178.2259052008971,0.04526462012097174,1.7692855320018737,-6.289698776874957,0.008489634497747638,5.433366078558488,-2.0176610534250017,-0.9234204878436856,-0.003915908772732346,-2.5061816145487015,-4.817913564442307,0.5532893529401122,-0.011307858688643452,-7.237029560731809,-10.231830115926584,1.4302205953685814,-0.02398405179536544,-15.349793149033882,8.497773175438581,18.502757313187843,1.0
1.8666667,56,-6.273225279636425,1.6807132772744446,-0.008018097624198845,-5.131582479487261,1.0154677757234651,0.015467775723465138,0.0,0.6170212765957447,0.9199579954147339,611.0,377.0,-256.3139985850338,-176.54519192362267,0.03724652249677289,0.27107649430615766,-0.9409405497018781,-0.001945160168706099,-1.2449025079719034,-1.498209037695716,5.348758227173079,-0.010434794666453737,-6.6782685865303915,0.5194520157292857,6.272178715016764,-0.006518885893721391,-4.17208697198169,5.337365580171593,5.718889362076652,0.004788972794922061,3.064942588750119,1.5838667362481365,8.401609366330252,1.0
1.9,57,-4.250870823723925,-4.733484854210791,0.005722677093765194,3.662513340009724,1.0199712496276272,0.019971249627627197,0.0,0.6823529411764706,0.9889862537384033,595.0,406.0,-260.5648694087577,-181.27867677783345,0.04296919959053808,0.8657883643292053,-2.1091401815421023,0.0014819789654360524,0.9484665378790735,0.5947118700230476,-1.1681996318402241,0.0034271391341421514,2.193369045850977,2.0929209077187636,-6.516957859013303,0.013861933800595888,8.871637632381368,1.573468891989478,-12.789136574030067,0.02038081969431728,13.043724604363058,2.4693421331762857,18.335118494782584,1.0
1.9333333,58,-4.6609337974713085,-3.4020096358628704,0.0011854317479161672,0.758676318666347,1.019072792110404,0.019072792110403913,0.0,0.5441176470588235,1.0079222917556763,612.0,333.0,-265.22580320622905,-184.68068641369632,0.04415463133845425,1.4194185554340493,-2.0151095373085184,0.0009313300050769538,0.5960512032492504,0.553630191104844,0.09403064423358387,-0.0005506489603590986,-0.3524153346298231,-0.04108167891820358,1.262230276073808,-0.00397778809450125,-2.5457843804808,-2.134002586636967,7.779188135087111,-0.017839721895097138,-11.417422012862168,2.5358810145109554,13.979530052925346,1.0
1.9666667,59,-7.085050917404198,-2.0326855957836374,0.0020411242142030672,1.306319497089963,1.0238589684689763,0.023858968468976283,0.0,0.5303867403314917,0.9179016351699829,543.0,288.0,-272.31085412363325,-186.71337200947997,0.04619575555265732,-0.5698145386812712,-0.6227048335695144,0.0012329321713273195,0.7890765896494845,-1.9892330941153205,1.392404703739004,0.0003016021662503657,0.19302538640023403,-2.5428632852201645,1.29837405950542,0.0008522511266094643,0.5454407210300571,-2.501781606301961,0.036143783431612064,0.004830039221110714,3.091225101510857,1.155461718351693,3.9769196882665834,1.0
2.0,60,-5.188402607983196,-4.692228891373376,0.001404873534704839,0.8991190622110969,1.0196645305180323,0.019664530518032297,0.0,0.6164154103852596,0.8163729906082153,597.0,368.0,-277.49925673161647,-191.40560090085336,0.04760062908736216,-0.40127185177487945,-2.203447950173228,0.0014131306109881614,0.9044035910324233,0.16854268690639174,-1.5807431166037134,0.00018019843966084192,0.11532700138293883,2.157775781021712,-2.9731478203427173,-0.00012140372658952375,-0.0776983850172952,4.700639066241877,-4.271521879848137,-0.000973654853198988,-0.6231391060473523,2.4153980673217785,6.382022339868935,1.0
2.0333333,61,-7.059514856751422,1.2273220909978773,-0.004611451223442483,-2.951328783003189,1.0188137844004201,0.01881378440042014,0.0,0.7866043613707165,0.9277741312980652,642.0,505.0,-284.5587715883679,-190.17827880985547,0.042989177863919675,-2.0720582161214907,2.4375926935632606,-0.004347299501179638,-2.7822716807549686,-1.6707863643466112,4.641040643736488,-0.0057604301121678,-3.686675271787392,-1.839329051253003,6.221783760340202,-0.005940628551828642,-3.8020022731703307,-3.997104832274715,9.194931580682919,-0.005819224825239118,-3.7243038881530355,4.239848947337705,10.69551556798202,1.0
2.0666666,62,-6.804704929598112,-2.8376164473206456,-0.002420762293003821,-1.5492878675224455,1.0184269249039422,0.018426924903942155,0.0,0.7272727272727273,0.9635775089263916,627.0,456.0,-291.36347651796603,-193.0158952571761,0.04056841557091585,-3.4342124857853946,2.772231815040925,-0.007501888468219781,-4.80120861966066,-1.362154269663904,0.3346391214776645,-0.0031545889670401422,-2.018936938905691,0.30863209468270725,-4.306401522258824,0.0026058411451276575,1.6677383328817008,2.14796114593571,-10.528185282599026,0.0085464696969563,5.4697406060520315,6.521555707295095,12.057134183821569,1.0
2.1,63,-1.1980872568721814,-2.3915962882543935,0.008477793758220935,5.425788005261398,1.0121894165967453,0.012189416596745328,0.0,0.6069802731411229,1.068299412727356,659.0,400.0,-292.5615637748382,-195.4074915454305,0.04904620932913679,0.7402393651802868,3.4421393580264805,0.0002657706165178561,0.1700931945714279,4.174451850965681,0.6699075429855554,0.007767659084737637,4.9713018142320875,5.536606120629585,0.33526842150789093,0.010922248051777779,6.9902387531377785,5.227974025946878,4.641669943766715,0.008316406906650121,5.322500420256078,3.524941045276783,8.786684414867114,1.0
2.1333334,64,-6.594945588555627,-2.7969055242255645,-0.0021415488151421665,-1.3705912416909865,1.0186072137875277,0.01860721378752772,0.0,0.7916041979010495,0.9104923009872437,667.0,528.0,-299.1565093633938,-198.20439706965607,0.04690466051399462,-0.572377051634021,3.9083002632952173,-0.0028164851795302037,-1.8025505148993304,-1.3126164168143077,0.46616090526873677,-0.00308225579604806,-1.9726437094707583,-5.487068267779989,-0.20374663771681867,-0.010849914880785697,-6.943945523702846,-11.023674388409574,-0.5390150592247096,-0.021772162932563476,-13.934184276840625,4.341844630577488,17.775641358800552,1.0
2.1666667,65,-5.93215523739636,-2.5629856785463585,0.0005404992956613612,0.34591954922327117,1.016919934169178,0.01691993416917792,0.0,0.7173202614379085,0.9489424228668213,612.0,439.0,-305.0886646007902,-200.76738274820244,0.04744515980965598,-0.857710887584517,4.351088960933566,-0.0020157630677081623,-1.2900883633332239,-0.285333835950496,0.44278869763834905,0.0008007221118220414,0.5124621515661065,1.0272825808638117,-0.02337220763038772,0.0038829779078701013,2.485105861036865,6.514350848643801,0.18037443008643095,0.014732892788655798,9.429051384739711,4.6186546848456596,11.461950616292023,1.0
2.2,66,-4.766865487083135,-5.097874322841374,0.004171623837147704,2.6698392557745305,1.018642274976471,0.018642274976470974,0.0,0.7691256830601093,0.9891098737716675,732.0,563.0,-309.8555300878733,-205.8652570710438,0.051616783646803686,0.0030754215117667627,2.3832032900115507,0.0021459898949189385,1.3734335327481206,0.8607863090962837,-1.9678856709220156,0.004161752962627101,2.6635218960813445,1.1461201450467797,-2.4106743685603647,0.0033610308508050593,2.151059744515238,0.11883756418296798,-2.387302160929977,-0.000521947057065042,-0.33404611652162686,2.7506339357712317,2.4134872658054483,1.0
2.2333333,67,-4.214219171663375,-2.634701837864465,-0.0015541311448440476,-0.9946439327001905,1.0139680951498364,0.013968095149836435,0.0,0.7288135593220338,0.7389941215515137,708.0,516.0,-314.0697492595367,-208.49995890890827,0.05006265250195964,1.0101739441984137,3.179741915295722,-0.0006165950058262953,-0.394620803728829,1.007098522686647,0.7965386252841711,-0.002762584900745234,-1.7680543364769497,0.14631221359036317,2.7644242962061867,-0.006924337863372335,-4.431576232558294,-0.9998079314564166,5.175098664766551,-0.010285368714177394,-6.582635977073532,3.3596034921046076,8.432814387648676,1.0
2.2666667,68,-6.165674065148336,-4.772097286737909,0.0007269416297227883,0.4652426430225845,1.0196541011706266,0.019654101170626603,0.0,0.7692307692307693,1.0024876594543457,728.0,560.0,-320.23542332468503,-213.27205619564617,0.05078959413168243,0.182910019743872,1.7957186594589416,-0.0007563739743228978,-0.4840793435666546,-0.8272639244545417,-1.3840232558367802,-0.00013977896849660248,-0.08945853983782559,-1.8343624471411886,-2.1805618811209513,0.0026228059322486313,1.678595796639124,-1.9806746607315517,-4.944986177327138,0.009547143795620966,6.110172029197418,1.868794903171465,8.106180520566207,1.0
2.3,69,-5.792870927671305,-4.753897334416752,0.0007454596994392409,0.47709420764111415,1.0189562334453992,0.018956233445399207,0.0,0.7696709585121603,1.018433928489685,699.0,538.0,-326.0282942523563,-218.02595353006294,0.05153505383112167,-0.2386660071004485,0.36983506306202685,-0.0008086143599719611,-0.5175131903820551,-0.4215760268443205,-1.4258835963969148,-5.2240385649063303e-05,-0.033433846815400514,0.40568789761022117,-0.041860340560134546,8.753858284753918e-05,0.056024693022425076,2.2400503447514097,2.1387015405608167,-0.002535267349401092,-1.622571103616699,0.6793815857342455,3.4963705199692483,1.0
2.3333333,70,-5.791692393878725,-4.862442424906436,0.0012168395243736328,0.778777295599125,1.0197499093703195,0.019749909370319507,0.0,0.7683453237410072,1.0071369409561157,695.0,534.0,-331.81998664623507,-222.88839595496938,0.0527518933554953,-0.8713056255608649,-1.1146283569899254,-0.0007907141725011987,-0.5060570704007672,-0.6326396184604164,-1.4844634200519522,1.7900187470762385e-05,0.011456119981287927,-0.2110635916160959,-0.058579823655037444,7.014057311982569e-05,0.04488996679668844,-0.6167514892263171,-0.0167194830949029,-1.7398009727713493e-05,-0.011134726225736635,1.5025523704159789,0.6170785385232278,1.0
2.3666666,71,-5.362947447921249,-3.835840286069662,0.0005416323896684614,0.34664472938781526,1.0166321234977034,0.016632123497703377,0.0,0.6728571428571428,0.9654298424720764,700.0,471.0,-337.18293409415634,-226.72423624103905,0.053293525745163765,-0.8431675295284435,-1.5950735220180547,-0.0009858456961170312,-0.6309412455148999,0.028138096032421345,-0.4804451650281294,-0.00019513152361583241,-0.12488417511413274,0.6607777144928377,1.0040182550238228,-0.0002130317110865948,-0.13634029509542067,0.8718413061089336,1.0625980786788602,-0.0002831722842064205,-0.1812302618921091,1.9113549850266103,1.3863860745388419,1.0
2.4,72,-5.421800419432978,-3.5451045337397185,0.0005586691699471662,0.35754826876618634,1.017068571749539,0.017068571749538908,0.0,0.7587786259541984,0.955855131149292,655.0,497.0,-342.60473451358934,-230.26934077477878,0.05385219491511093,-0.880709795864334,-2.1640272387913058,-0.0006798703256248942,-0.4351170083999323,-0.03754226633589042,-0.568953716773251,0.00030597537049213697,0.19582423711496766,-0.06568036236831176,-0.08850855174512162,0.0005011068941079694,0.3207084122291004,-0.7264580768611495,-1.0925268067689444,0.0007141386051945642,0.4570487073245211,2.3765501142961463,1.3893342584894977,1.0
2.4333334,73,-5.23478735456822,-3.366922773111731,-0.0018574047396904534,-1.1887390334018901,1.0149074433759149,0.014907443375914875,0.0,0.6231231231231231,1.0129965543746948,666.0,415.0,-347.83952186815753,-233.6362635478905,0.051994790175420476,-0.6642738138074833,-2.6254340624278996,-0.0026352615074569583,-1.6865673647724533,0.21643598205685066,-0.4614068236365938,-0.001955391181832064,-1.251450356372521,0.2539782483927411,0.10754689313665722,-0.002261366552324201,-1.4472745934874887,0.31965861076105284,0.19605544488177884,-0.0027624734464321704,-1.767983005716589,3.1904032961026263,1.8073138281450023,1.0
2.4666667,74,-6.795791872375143,-1.4521818855380788,-0.0015325549763156772,-0.9808351848420334,1.0191475630029165,0.019147563002916534,0.0,0.5817378497790869,1.158097267150879,679.0,395.0,-354.6353137405327,-235.08844543342857,0.050462235199104796,-2.078008998290727,-1.2277979003076496,-0.004206126735961997,-2.691921111015678,-1.4137351844832438,1.39763616212025,-0.001570865228505039,-1.005353746243225,-1.6301711665400944,1.8590429857568438,0.0003845259533270251,0.24609661012929607,-1.8841494149328355,1.7514960926201866,0.002645892505651226,1.6933712036167847,3.615528778603344,3.0798155161460703,1.0
2.5,75,0.9646390127673699,-6.528881914167612,0.012777189537938678,8.177401304280753,1.0117626228188024,0.01176262281880236,0.0,0.6327160493827161,0.72443687915802,648.0,410.0,-353.67067472776534,-241.6173273475962,0.06323942473704347,4.268327916108092,-5.184636418812602,0.008594946820811633,5.500765965319445,6.346336914398819,-3.956838518504952,0.01280107355677363,8.192687076335122,7.760072098882063,-5.354474680625202,0.01437193878527867,9.19804082257835,9.390243265422157,-7.213517666382046,0.013987412831951644,8.951944212449053,8.680870013997582,14.84415072982662,1.0
2.5333333,76,-7.012499736261191,1.676593985237266,-0.007890783450144333,-5.050101408092374,1.0132291175272823,0.013229117527282286,0.0,0.6207951070336392,0.9165633916854858,654.0,406.0,-360.68317446402654,-239.9407333623589,0.05534864128689913,2.6553831787492754,-0.8730143009881601,0.0006771505673239531,0.43337636308732996,-1.6129447373588164,4.311622117824442,-0.00791779625348768,-5.067389602232115,-7.959281651757635,8.268460636329394,-0.02071886981026131,-13.260076678567238,-15.719353750639698,13.622935316954596,-0.03509080859553998,-22.458117501145587,2.828608998747839,30.611264114422664,1.0
2.5666666,77,-6.731378920750125,-4.166205586128696,0.0017650148952797896,1.1296095329790654,1.0193782882646658,0.01937828826466581,0.0,0.5972927241962775,1.04866361618042,591.0,353.0,-367.41455338477664,-244.1069389484876,0.057113656182178923,1.3837709894224304,-2.733860757939709,0.0028138476578001767,1.800862500992113,-1.271612189326845,-1.860846456951549,0.0021366970904762236,1.3674861379047831,0.34133254803197133,-6.172468574775991,0.010054493343963904,6.434875740136898,8.300614199789607,-14.440929211105384,0.030773363154225214,19.694952418704137,3.55414160416399,25.794026117473898,1.0
2.6,78,-4.260620763483088,-4.44344032121537,0.008115944207938966,5.194204293080938,1.0197029531133346,0.019702953113334587,0.0,0.47315436241610737,1.1056239604949951,596.0,282.0,-371.6751741482597,-248.55037926970297,0.0652296003901179,2.690758717599465,-5.027484788523935,0.011637000327485235,7.44768020959055,1.3069877281770346,-2.293624030584226,0.008823152669685058,5.646817708598437,2.5785999175038796,-0.4327775736326771,0.0066864555792088345,4.279331570693654,2.2372673694719083,5.7396910011433135,-0.003368037764755069,-2.1555441694432442,9.379964087324845,6.5265449310895,1.0
2.6333334,79,-7.94097150415323,-0.07081466934561782,-0.007497586473768049,-4.798455343211551,1.0175039933451562,0.017503993345156177,0.0,0.6141732283464567,0.7394267916679382,635.0,390.0,-379.61614565241297,-248.6211939390486,0.05773201391634985,0.08769908813269467,-3.0043391922447427,0.004401740807969692,2.817114117100603,-2.6030596294667703,2.0231455962791927,-0.0072352595195155425,-4.630566092489947,-3.910047357643805,4.316769626863419,-0.0160584121892006,-10.277383801088384,-6.4886472751476845,4.749547200496096,-0.022744867768409435,-14.556715371782039,4.119451063052529,16.63005425385309,1.0
2.6666667,80,-5.312572735536964,-0.21896953615188847,-0.0007140443966388065,-0.45698841384883615,1.0157029281850405,0.015702928185040488,0.0,0.5564387917329093,1.0655686855316162,629.0,350.0,-384.9287183879499,-248.84016347520048,0.05701796951971104,0.13049989131786788,-1.2266093981459676,0.0040029812245434004,2.5619079837077763,0.04280080318517321,1.777729794098775,-0.0003987595834262919,-0.25520613339282683,2.6458604326519435,-0.24541580218041759,0.006836499936089251,4.37535995909712,6.555907790295748,-4.562185429043836,0.02289491212528985,14.652743760185505,2.843408756095337,16.688210285872348,1.0
2.7,81,-5.246615064519265,0.0993524598369564,-0.00421076608298407,-2.6948902931098044,1.014095179367116,0.014095179367116017,0.0,0.6028257456828885,0.8793123960494995,637.0,384.0,-390.1753334524692,-248.74081101536353,0.05280720343672697,0.25870413423677974,0.7568921625690166,0.00030279822170213577,0.1937908618893669,0.12820424291891186,1.9835015607149842,-0.0037001830028412647,-2.3681171218184094,0.08540343973373865,0.2057717666162091,-0.0033014234194149727,-2.1129109884255826,-2.560456992918205,0.4511875687966267,-0.010137923355504223,-6.488270947522703,0.8230239808058014,6.989790420555362,1.0
2.7333333,82,-7.766896838055073,0.3083470333463151,-0.006907760926636479,-4.4209669930473465,1.0183517335684713,0.018351733568471307,0.0,0.5007824726134585,1.005461573600769,639.0,320.0,-397.94223029052426,-248.43246398201723,0.04589944251009049,-2.289320977270336,2.954432597785484,-0.0063216312202611855,-4.045843980967159,-2.5480251115071155,2.1975404352164674,-0.006624429441963321,-4.239634842856526,-2.6762293544260274,0.21403887450148318,-0.0029242464391220566,-1.8715177210381162,-2.761632794159766,0.008267107885274072,0.0003771769802929162,0.24139326738746636,5.508041033811901,2.7721750926648663,1.0
2.7666667,83,-2.7108956264851547,-1.3844590654717195,0.005311886572642087,3.399607406490936,1.0173076824888887,0.017307682488888698,0.0,0.6622950819672131,0.8470123410224915,610.0,404.0,-400.65312591700945,-249.81692304748896,0.05121132908273258,0.01346545638813268,3.451135526627013,-0.000897982808832222,-0.5747089976526221,2.3027864336584685,0.496702928841529,0.0054236484114289635,3.4711349833145366,4.850811545165584,-1.7008375063749384,0.012048077853392285,7.710769826171062,7.527040899591611,-1.9148763808764215,0.014972324292514341,9.582287547209178,3.498686635531358,12.334639471649075,1.0
2.8,84,-6.80880197781624,-2.267123491283422,-0.005078777958849546,-3.25041789366371,1.0150273794685962,0.015027379468596225,0.0,0.42476489028213166,0.9930091500282288,638.0,271.0,-407.4619278948257,-252.08404653877238,0.04613255112388303,-1.8017560050925567,3.1576316292623403,-0.0059124739703637075,-3.783983341032773,-1.8152214614806894,-0.29350389736467264,-0.0050144911615314855,-3.2092743433801507,-4.118007895139158,-0.7902068262062016,-0.010438139572960449,-6.680409326694687,-8.968819440304742,0.9106306801687367,-0.022486217426352734,-14.39117915286575,5.247427191797765,16.981607927352776,1.0
2.8333333,85,-6.7419073864828025,-1.116258013191776,-0.0028428005655285957,-1.8193923619383012,1.019038865903873,0.019038865903872937,0.0,0.6160849772382397,1.181441307067871,659.0,406.0,-414.2038352813085,-253.20030455196417,0.043289750558354434,-3.5741983319152837,4.078819253409392,-0.008662917315110971,-5.544267081671022,-1.772442326822727,0.921187624147052,-0.0027504433447472637,-1.7602837406382488,0.04277913465796246,1.2146915215117247,0.002264047816784222,1.448990602741902,4.16078702979712,2.0048983477179263,0.01270218738974467,8.12939992943659,7.755679060581998,9.349807982238653,1.0
2.8666666,86,-1.9486363018903567,-2.431406107172892,0.004734561018192744,3.0301190516433563,1.0133289515804869,0.013328951580486859,0.0,0.445468509984639,1.130871057510376,651.0,290.0,-416.15247158319886,-255.63171065913707,0.04802431157654718,-0.6684799011694622,3.8311488792162436,-0.004064517716606771,-2.601291338628333,2.9057184307458215,-0.24767037419314875,0.004598399598504201,2.9429757430426884,4.678160757568548,-1.1688579983402008,0.007348842943251464,4.703259483680937,4.635381622910586,-2.3835495198519254,0.0050847951264672425,3.254268880939035,4.678812214805185,6.144781286022451,1.0
2.9,87,-6.186754184891595,-3.2879272419845087,-0.0019621891334023565,-1.2558010453775081,1.0170191980191132,0.017019198019113224,0.0,0.6990291262135923,0.7921369075775146,618.0,432.0,-422.33922576809044,-258.9196379011216,0.04606212244314482,-2.072213839580627,2.849179503422306,-0.0061534829714990705,-3.938229101759405,-1.4037339384111647,-0.9819693757939376,-0.0020889652548923,-1.336937763131072,-4.309452369156986,-0.7342990016007889,-0.0066873648533965005,-4.27991350617376,-8.987613126725535,0.4345589967394119,-0.014036207796647965,-8.983172989854697,5.284083884422725,12.714693397915315,1.0
2.9333334,88,-2.2625397201517417,-3.218715759574669,0.0049747711392592936,3.183853529125948,1.0078266330032797,0.007826633003279682,0.0,0.500763358778626,0.9637104272842407,655.0,328.0,-424.60176548824217,-262.1383536606962,0.05103689358240412,0.3815045768307641,1.9577117760657075,-0.0012842283398934937,-0.821906137531836,2.453718416411391,-0.8914677273565985,0.004869254631605577,3.116322964227569,3.8574523548225557,0.0905016484373391,0.006958219886497877,4.453260727358641,8.166904723979542,0.824800650038128,0.013645584739894377,8.733174233532402,2.157246123927835,11.985281017819188,1.0
2.9666667,89,-4.591265560076238,-2.0594179153867063,0.000275927994293927,0.17659391634811328,1.015466299226476,0.015466299226476021,0.0,0.6738768718801996,0.7171797752380371,601.0,405.0,-429.1930310483184,-264.1977715760829,0.051312821576698045,0.33190684901484246,2.399960454389884,-0.0011983911803862754,-0.7669703554472163,-0.049597727815921644,0.4422486783241766,8.583715950721826e-05,0.05493578208461969,-2.5033161442273126,1.333716405680775,-0.0047834174720983585,-3.0613871821429495,-6.360768499049868,1.243214757243436,-0.011741637358596235,-7.514647909501591,2.5413020019653487,9.9234516190139,1.0
3.0,90,-5.758525102657906,-5.702956375617103,0.001901232513921571,1.2167888089098053,1.0186297733696932,0.01862977336969318,0.0,0.6074895977808599,0.8176307678222656,721.0,438.0,-434.95155615097633,-269.9007279517,0.05321405409061961,-0.7705070855481608,-0.8886787325692467,0.0009467958588786143,0.6059493496823132,-1.1024139345630033,-3.2886391869591307,0.0021451870392648897,1.3729197051295294,-1.0528162067470817,-3.7308878652833073,0.0020593498797576715,1.3179839230449097,1.450499937480231,-5.064604270964082,0.00684276735185603,4.379371105187859,1.3231045585974004,6.850770596586352,1.0
3.0333333,91,-3.591507095291644,-1.9822301143855938,-0.0004002752309049078,-0.256176147779141,1.0110661219189307,0.01106612191893075,0.0,0.6,0.7297370433807373,695.0,417.0,-438.543063246268,-271.88295806608556,0.05281377885971471,-0.09074382060367725,-0.22853151266258465,0.0002226940387946852,0.14252418482859852,0.6797632649444836,0.660147219906662,-0.0007241018200839291,-0.46342516485371466,1.7821771995074869,3.9487864068657927,-0.002869288859348819,-1.836344869983244,2.8349934062545685,7.6796742721491,-0.00492863873910649,-3.154328793028154,0.2842080866524701,8.772934211217027,1.0
3.0666666,92,-4.5306620766550605,-3.932605265364691,0.0024924256684201937,1.595152427788924,1.0158970466173642,0.01589704661736424,0.0,0.7635829662261381,0.8514313697814941,681.0,520.0,-443.07372532292305,-275.8155633314503,0.0553062045281349,-0.4239575833178151,-1.58878942347161,0.002515772608804173,1.6100944696346708,-0.33321376271413783,-1.3602579108090254,0.002293078570009488,1.4675702848060723,-1.0129770276586214,-2.0204051307156874,0.003017180390093417,1.930995449659787,-2.7951542271661083,-5.96919153758148,0.005886469249442236,3.767340319643031,2.301390029033776,7.5919027819109335,1.0
3.1,93,-3.5389531459053507,-4.2317257640547465,0.002868488899097744,1.835832895422556,1.0140584423547667,0.01405844235476672,0.0,0.6428571428571429,0.7287765741348267,686.0,441.0,-446.6126784688284,-280.04728909550505,0.058174693427232645,0.19249402106282787,-3.115549449952084,0.005022392252515585,3.2143310416099746,0.616451604380643,-1.5267600264804742,0.002506619643711412,1.6042365719753038,0.9496653670947808,-0.1665021156714488,0.00021354107370192416,0.13666628716923146,1.9626423947534022,1.8539030150442386,-0.002803639316391493,-1.7943291624905555,4.480583262065234,3.241687631811175,1.0
3.1333334,94,-4.138409993268972,-1.7425974292000794,-0.0013434019565553193,-0.8597772521954044,1.012815894365839,0.012815894365838965,0.0,0.7219020172910663,0.6798181533813477,694.0,501.0,-450.75108846209736,-281.78988652470514,0.05683129147067732,0.1259016988918802,-2.034849155290658,0.0030002188385358924,1.9201400566629712,-0.06659232217094768,1.0807002946614261,-0.002022173413979693,-1.2941909849470035,-0.6830439265515906,2.6074603211419003,-0.004528793057691105,-2.8984275569223072,-1.6327092936463714,2.773962436813349,-0.004742334131393029,-3.0350938440915387,2.8006071055706196,4.4240707364205925,1.0
3.1666667,95,-3.7166146978837995,-2.761828257820577,-0.001359012254472374,-0.8697678428623195,1.0098690956379501,0.009869095637950132,0.0,0.6621823617339312,0.7136505842208862,669.0,443.0,-454.46770315998117,-284.5517147825257,0.05547227921620495,0.5244354055565736,-1.968840565546202,0.0011405982932246525,0.7299829076637776,0.39853370666469345,0.066008589744456,-0.00185962054531124,-1.1901571489991936,0.46512602883564114,-1.0146917049169701,0.00016255286866845298,0.1040338359478099,1.1481699553872318,-3.6221520260588704,0.004691345926359558,3.002461392870117,2.1643106783968977,4.842835322619577,1.0
3.2,96,-2.8637420580976194,-2.806403021401585,0.004266529941997277,2.730579162878257,1.0123702401682986,0.012370240168298574,0.0,0.7101449275362319,0.9725067615509033,690.0,490.0,-457.3314452180788,-287.3581178039273,0.059738809158202226,1.899783484247905,-2.0862711628038255,0.005143648202092017,3.291934849338891,1.3753480786913315,-0.1174305972576235,0.004003049908867365,2.5619519416751135,0.976814372026638,-0.1834391870020795,0.005862670454178605,3.752109090674307,0.5116883431909969,0.8312525179148906,0.005700117585510152,3.648075254726497,4.335728278393355,3.7764081841407435,1.0
3.2333333,97,-5.133873976717376,-3.3618909933392174,0.0005242105253771809,0.33549473624139575,1.0165910245642882,0.01659102456428818,0.0,0.7507645259938838,0.710680365562439,654.0,491.0,-462.46531919479617,-290.72000879726653,0.06026301968357941,0.8328625591821606,-2.62295417875913,0.005047584421082114,3.2304540294925532,-1.0669209250657445,-0.5366830159553047,-9.606378100990298e-05,-0.06148081984633791,-2.442269003757076,-0.41925241869768115,-0.004099113689877268,-2.6234327615214514,-3.419083375783714,-0.23581323169560164,-0.009961784144055873,-6.3755418521957585,4.2437462109582045,7.238319758058703,1.0
3.2666667,98,-5.590615667647328,-1.4165265217029763,-0.004451449030395728,-2.848927379453266,1.0122150960207006,0.012215096020700589,0.0,0.7208588957055214,0.880178689956665,652.0,470.0,-468.0559348624435,-292.1365353189695,0.05581157065318368,-0.554749359315565,-1.3137330706458101,0.00016888147894328354,0.10808414652370146,-1.3876119184977256,1.30922110811332,-0.004878702942138831,-3.1223698829688518,-0.32069099343198104,1.8459041240686247,-0.004782639161128928,-3.060889063122514,2.121578010325095,2.265156542766306,-0.00068352547125166,-0.4374563016010624,1.430148109567417,3.134229639471631,1.0
3.3,99,-3.729328216802044,-1.4089346168280688,-0.0007113030674849104,-0.45523396319034265,1.0123017851427403,0.012301785142740274,0.0,0.7408585055643879,0.7297097444534302,629.0,466.0,-471.78526307924557,-293.54546993579754,0.05510026758569877,-0.0026926848744892595,-0.024537987793792126,-0.0008900056248796959,-0.5696035999230054,0.5520566744410758,1.289195082852018,-0.0010588871038229794,-0.6776877464467068,1.9396685929388013,-0.02002602526130204,0.0038198158383158515,2.444682136522145,2.2603595863707824,-1.8659301493299267,0.00860245499944478,5.505571199644659,0.5701382502885145,6.23716562360127,1.0
3.3333333,100,-3.356860188170696,-2.463745191993214,0.0010541525542671108,0.6746576347309509,1.0122000029225056,0.01220000292250556,0.0,0.7546583850931677,0.6936344504356384,644.0,486.0,-475.14212326741625,-296.00921512779075,0.05615442013996588,1.2672234749636004,-0.051676750812873706,0.0008075044582397314,0.5168028532734281,1.2699161598380897,-0.02713876301908158,0.0016975100831194273,1.0864064531964335,0.7178594853970139,-1.3163338458710996,0.0027563971869424067,1.7640941996431403,-1.2218091075417874,-1.2963078206097975,-0.0010634186513734448,-0.6805879368790047,1.369529485343399,1.9069429464122418,1.0
3.3666666,101,-5.391976316802159,-1.4398751401909733,-0.003971017236892646,-2.5414510316112935,1.0137391350554632,0.013739135055463203,0.0,0.6786324786324787,0.7530995011329651,585.0,397.0,-480.53409958421844,-297.4490902679817,0.05218340290307324,0.7111620482141348,0.7175974795403022,-0.0020633846630222566,-1.3205661843342442,-0.5560614267494657,0.7692742303531759,-0.002870889121261988,-1.8373690376076723,-1.8259775865875554,0.7964129933722575,-0.004568399204381415,-2.923775490804106,-2.5438370719845693,2.112746839243357,-0.007324796391323822,-4.687869690447246,1.6627064228750132,5.736804728256819,1.0
3.4,102,-4.340011577263943,-1.1771573077874078,-0.00014680983293489298,-0.0939582930783315,1.0139065497120876,0.013906549712087601,0.0,0.7032258064516129,0.9535718560218811,620.0,436.0,-484.8741111614824,-298.6262475757691,0.052036593070138346,1.1485910752754194,1.7770054363485883,-0.0015088645523539876,-0.9656733135065521,0.4374290270612846,1.0594079568082861,0.000554520110668269,0.35489287082769216,0.9934904538107503,0.29013372645511026,0.003425409231930257,2.1922619084353645,2.8194680403983057,-0.5062792669171472,0.007993808436311672,5.11603739923947,2.325840649621875,5.863408343050533,1.0
3.4333334,103,-4.376580953192615,-3.376684352419431,0.00034764722154966563,0.22249422179178602,1.0149833632118335,0.014983363211833467,0.0,0.6314907872696818,0.8176480531692505,597.0,377.0,-489.250692114675,-302.00293192818856,0.05238424029168801,1.464021947492654,0.7360013216485868,-0.0007753945100174228,-0.4962524864111506,0.31543087221723454,-1.0410041147000015,0.0007334700423365648,0.46942082709540145,-0.12199815484405008,-2.1004120715082877,0.00017894993166829576,0.11452795626770929,-1.1154886086548004,-2.390545797963398,-0.0032464593002619613,-2.077733952167655,1.712111193374396,3.357975941573928,1.0
3.4666667,104,-6.873349971999996,-0.2764249813604871,-0.005186467848980361,-3.319339423347431,1.0140339647927414,0.014033964792741438,0.0,0.6942148760330579,0.9333513975143433,605.0,420.0,-496.124042086675,-302.27935690954905,0.047197772442707654,-0.722662806439871,2.855268736636276,-0.005739844216228057,-3.6735002983859566,-2.186684753932525,2.1192674149876893,-0.004964449706210634,-3.177247811974806,-2.5021156261497595,3.160271529687691,-0.005697919748547199,-3.6466686390702074,-2.3801174713057094,5.2606836011959786,-0.005876869680215495,-3.7611965953379167,4.708439819352668,6.891034099312563,1.0
3.5,105,-2.960507485796349,-3.7068233842415497,0.00532348468964257,3.407030201371245,1.0155824109696032,0.015582410969603222,0.0,0.6353322528363047,0.8140847682952881,617.0,392.0,-499.08454957247136,-305.9861802937906,0.05252125713235022,1.1070016651281094,1.406877736320439,-0.00020698730674195698,-0.13247187631485247,1.8296644715679804,-1.4483910003158371,0.0055328569094861,3.541028422071104,4.016349225500505,-3.5676584153035265,0.010497306615696735,6.71827623404591,6.518464851650265,-6.727929944991217,0.016195226364243934,10.364944873116118,1.7950783964955144,13.970952279270211,1.0
3.5333333,106,-4.5653183543170215,-3.2625183042563357,0.002091239741100618,1.3383934343043955,1.0159761457025074,0.015976145702507383,0.0,0.6478190630048465,0.919967770576477,619.0,401.0,-503.6498679267884,-309.24869859804693,0.05461249687345084,1.410606336327703,0.4237179189613016,0.0020960775173542445,1.3414896111067165,0.30360467119959367,-0.9831598173591374,0.0023030648240962015,1.473961487421569,-1.5260598003683867,0.46523118295669974,-0.0032297920853898987,-2.067066934649535,-5.542409025868892,4.032889598260226,-0.013727098701086633,-8.785343168695444,1.9922202407474958,11.142923804528692,1.0
3.5666666,107,-5.692962864292381,-1.2573325692294905,-0.003716868396110882,-2.3787957735109644,1.0118025378310724,0.011802537831072435,0.0,0.7123287671232876,0.7838677167892456,657.0,468.0,-509.34283079108076,-310.50603116727643,0.05089562847733996,0.46066328104814147,1.6504269386074384,-0.0017154262122050581,-1.0978727758112372,-0.9499430552795616,1.2267090196461368,-0.0038115037295593027,-2.4393623869179537,-1.2535477264791552,2.209868837005274,-0.006114568553655504,-3.9133238743395227,0.2725120738892315,1.7446376540485744,-0.0028847764682656055,-1.8462569396899875,2.0350538985625493,2.554738354840464,1.0
3.6,108,-5.719524311301173,-2.496698093167469,-0.0016870958119506604,-1.0797413196484227,1.0160851341734622,0.016085134173462245,0.0,0.6469622331691297,0.7125222682952881,609.0,394.0,-515.062355102382,-313.0027292604439,0.0492085326653893,-0.36678021693023766,1.6122695070235409,-0.0033237844408517472,-2.1272220421451182,-0.8274434979783791,-0.038157431583897505,-0.001608358228646689,-1.029349266333881,0.12249955730118245,-1.2648664512300343,0.0022031455009126136,1.4100131205840727,1.3760472837803377,-3.4747352882353084,0.008317714054568118,5.323336994923595,2.6942557984343973,6.504245399124262,1.0
3.6333334,109,-4.434156042018323,-4.074528218371106,0.0035526474685011827,2.273694379840757,1.0164407349762352,0.016440734976235216,0.0,0.6371100164203612,0.8637789487838745,609.0,388.0,-519.4965111444003,-317.077257478815,0.05276118013389048,0.07127756779414085,-0.12592270495827051,0.0004207788827642542,0.2692984849691227,0.4380577847243785,-1.7381922119818114,0.0037445633236160014,2.396520527114241,1.2655012827027576,-1.700034780397914,0.0053529215522626905,3.425869793448122,1.1430017254015752,-0.4351683291678796,0.003149776051350077,2.0158566728640492,0.30571014589202106,2.35785973809136,1.0
3.6666667,110,-6.106726365231656,-2.36829907781903,-0.0012014741317668846,-0.7689434443308062,1.016419885701271,0.016419885701270953,0.0,0.7582417582417582,0.7503440380096436,728.0,552.0,-525.603237509632,-319.445556556634,0.0515597060021236,-1.1368837589601526,-0.2531330575523043,-0.00012297201034380117,-0.07870208662003275,-1.2081613267542934,-0.1272103525940338,-0.0005437508931080554,-0.3480005715891554,-1.646219111478672,1.6109818593877776,-0.004288314216724057,-2.7445210987033963,-2.9117203941814296,3.3110166397856915,-0.009641235768986747,-6.170390892151518,1.1673795632318957,7.583842733388938,1.0
3.7,111,-2.2787174365503176,-5.25266253207374,0.006439022362503335,4.120974312002134,1.0137976324996365,0.013797632499636503,0.0,0.6046176046176046,0.8878479599952698,693.0,419.0,-527.8819549461823,-324.69821908870773,0.05799872836462693,1.537796979065547,-3.1916328324546726,0.00740509844407336,4.739263004206951,2.6746807380256996,-2.9384997749023682,0.0075280704544171614,4.817965090826983,3.882842064779993,-2.8112894223083345,0.008071821347525217,5.165965662416139,5.529061176258665,-4.422271281696112,0.012360135564249274,7.910486761119535,5.9170899527614464,10.616157571248293,1.0
3.7333333,112,-8.77634990625423,1.667337208100383,-0.010697422904748182,-6.846350659038837,1.017355467797556,0.017355467797556035,0.0,0.7010159651669086,0.8664348721504211,689.0,483.0,-536.6583048524366,-323.03088188060735,0.04730130545987875,-2.36965447718012,0.7875324149245557,-0.0021315046530875764,-1.364162977976049,-3.907451456245667,3.9791652473792283,-0.009536603097160937,-6.1034259821829995,-6.582132194271367,6.9176650222815965,-0.017064673551578098,-10.921391073009982,-10.46497425905136,9.728954444589931,-0.025136494899103315,-16.08735673542612,2.845419174086161,21.51676759088999,1.0
3.7666667,113,-6.497874411038283,-1.280478555855412,-0.00658808095830543,-4.216371813315475,1.0114163117110802,0.011416311711080152,0.0,0.6671554252199413,0.8835549354553223,682.0,455.0,-543.1561792634749,-324.3113604364628,0.04071322450157332,-4.219965103712298,1.7543357293962458,-0.008392139046296723,-5.370968989629903,-1.8503106265321776,0.9668033144716901,-0.006260634393209147,-4.006806011653854,2.0571408297134894,-3.012361932907538,0.00327596870395179,2.0966199705291455,8.639273023984856,-9.930026955189135,0.020340642255529888,13.01801104353913,7.052170390422502,18.512457568984242,1.0
3.8,114,-2.7855039863667495,-0.37187258763137765,0.002511194042335835,1.6071641870949342,1.012687289834854,0.01268728983485401,0.0,0.6440677966101694,0.7751191854476929,590.0,380.0,-545.9416832498416,-324.6832330240942,0.043224418543909154,-2.662153791634637,3.5174965131744784,-0.006630462043320982,-4.243495707725429,1.5578113120776607,1.7631607837782326,0.0017616770029757409,1.1274732819044742,3.4081219386098383,0.7963574693065425,0.008022311396184888,5.134279293558328,1.3509811088963488,3.8087194022140807,0.004746342692233098,3.0376593230291826,6.121037522511475,5.055577870449916,1.0
3.8333333,115,-0.4641168631386387,-6.115303529107154,0.013532990936007515,8.661114199044809,1.0119026682727112,0.011902668272711248,0.0,0.7327459618208517,0.8650863766670227,681.0,499.0,-546.4058001129803,-330.79853655320136,0.05675740947991667,0.9125254096290973,-0.7171746250161846,0.005446998906392886,3.486079300091447,3.5746792012637343,-4.234671138190663,0.012077460949713868,7.729575007816876,2.0168678891860736,-5.997831921968896,0.010315783946738127,6.6021017259124015,-1.3912540494237646,-6.794189391275438,0.0022934725505532397,1.4678224323540734,3.674206166304761,7.0888010274996125,1.0
3.8666666,116,-3.0447594890248912,-4.956719739969283,0.006577623793237334,4.209679227671893,1.0132969779791363,0.013296977979136315,0.0,0.726507713884993,0.7039269208908081,713.0,518.0,-549.4505596020051,-335.75525629317065,0.063335033273154,1.7960602210538354,-4.190324493302455,0.011091486912152983,7.098551623777909,0.8835348114247381,-3.4731498682862707,0.005644488005760097,3.612472323686462,-2.691144389838996,0.7615212699043923,-0.006432972943953771,-4.117102684130414,-4.70801227902507,6.759353191873288,-0.0167487568906919,-10.719204410042815,8.436473601704828,13.518712156718914,1.0
3.9,117,-3.34491785817135,-0.851107641353353,-0.0028592600348822756,-1.8299264223246565,1.0100371136201958,0.01003711362019577,0.0,0.6429567642956764,0.7521695494651794,717.0,461.0,-552.7954774601765,-336.606363934524,0.060475773238271725,2.55173204595701,-3.6057008315441976,0.008350393446108585,5.3442518055094945,0.7556718249031746,0.5846236617582576,-0.0027410934660443975,-1.7542998182684144,-0.12786298652156347,4.057773530044528,-0.008385581471804494,-5.366772141954876,2.5632814033174327,3.296252260140136,-0.001952608527850723,-1.2496694578244627,6.933501444555555,4.358596593961321,1.0
3.9333334,118,-8.512917738805506,0.4530321075340761,-0.009674665487097153,-6.191785911742178,1.0131186864342177,0.013118686434217652,0.0,0.8068862275449101,0.9202154278755188,668.0,539.0,-561.308395198982,-336.1533318269899,0.05080110775117457,-1.9769877673460314,-1.8364334768224921,-0.0010147456648057426,-0.6494372254756753,-4.5287198133030415,1.7692673547217055,-0.009365139110914328,-5.99368903098517,-5.284391638206216,1.1846436929634478,-0.00662404564486993,-4.239389212716755,-5.156528651684653,-2.8731298370810805,0.001761535826934564,1.127382929238121,2.7753805607274358,6.009630193739697,1.0
3.9666667,119,-3.32902745422468,0.4162540348981908,-0.0009536855109303005,-0.6103587269953923,1.0111903258178967,0.011190325817896696,0.0,0.6389684813753582,0.8719972372055054,698.0,446.0,-564.6374226532067,-335.7370777920917,0.04984742224024427,-1.2772355684689956,-0.6167883234029432,-0.0006268857694694124,-0.40120689246042396,0.6997521988770359,1.219645153419549,0.0003878598953363302,0.24823033301525133,5.228472012180077,-0.5496222013021566,0.009752999006250658,6.241919364000421,10.512863650386294,-1.7342658942656044,0.01637704465112059,10.481308576717176,1.4740167922402656,14.946096808330639,1.0
4.0,120,-2.580999847478515,-2.0439743763007563,-0.0022001857311716123,-1.408118867949832,1.0058482488039664,0.005848248803966394,0.0,0.6338418862690708,1.1273499727249146,721.0,457.0,-567.2184225006853,-337.7810521683925,0.04764723650907266,0.16327668247845395,-2.173175144372692,-0.001660703479420593,-1.0628502268291795,1.4405122509474495,-1.556386820969749,-0.0010338177099511806,-0.6616433343687556,0.7407600520704136,-2.776031974389298,-0.0014216776052875107,-0.9098736673840069,-4.487711960109664,-2.2264097730871413,-0.011174676611538169,-7.151793031384428,2.4246649434161576,8.731815543079694,1.0
4.0333333,121,-4.13540541148026,-2.9797270372557803,-0.00023096496147040612,-0.1478175753410599,1.013795217666212,0.013795217666211945,0.0,0.7443181818181818,0.8941688537597656,704.0,524.0,-571.3538279121656,-340.76077920564825,0.04741627154760226,-0.3056089765387924,-4.461820736950358,-0.0018447163652581394,-1.1806184737652092,-0.4688856590172463,-2.288645592577666,-0.00018401288583754644,-0.11776824693602972,-1.9093979099646958,-0.732258771607917,0.0008498048241136341,0.5438750874327258,-2.6501579620351094,2.043773202781381,0.002271482429401145,1.4537487548167327,4.625483879100328,3.6487986475381935,1.0
4.0666666,122,-6.5434488373657365,5.067772911700032,-0.01015490577603343,-6.499139696661396,1.011035222945317,0.011035222945317003,0.0,0.7953890489913544,0.8942118287086487,694.0,552.0,-577.8972767495313,-335.6930062939482,0.03726136577156883,-3.453619820770882,1.563853693278304,-0.012495341352976579,-7.99701846590501,-3.1480108442320898,6.025674430228662,-0.01065062498771844,-6.816399992139801,-2.6791251852148434,8.314320022806328,-0.010466612101880893,-6.698631745203771,-0.7697272752501476,9.046578794414245,-0.011316416925994527,-7.242506832636497,8.85016568118515,11.614085120343997,1.0
4.1,123,-1.5806921857607616,-0.4841746481370447,0.0018828974537852762,1.2050543704225767,1.0084929997316763,0.008492999731676276,0.0,0.7365439093484419,1.0008254051208496,706.0,520.0,-579.4779689352921,-336.1771809420853,0.0391442632253541,-1.326240976513077,1.6234655386030568,-0.010138701124398686,-6.488768719615159,2.127378844257805,0.05961184532475272,0.002356640228577893,1.5082497462898514,5.275389688489895,-5.966062584903909,0.013007265216296332,8.324649738429653,7.954514873704738,-14.280382607710237,0.023473877318177225,15.023281483633424,6.818993692581789,22.201410334369882,1.0
4.133333,124,-3.2984204279046354,-3.4523876419205766,0.003004821408348887,1.9230857013432876,1.0116214108879737,0.011621410887973749,0.0,0.7870239774330042,0.7883743047714233,709.0,558.0,-582.7763893631967,-339.6295685840058,0.04214908463370299,-0.8869494741427388,-1.426110614985589,-0.006532778901311112,-4.180978496839112,0.4392915023703381,-3.049576153588646,0.0036059222230875737,2.307790222776047,-1.6880873418874671,-3.1091879989133986,0.0012492819945096809,0.7995404764861958,-6.963477030377362,2.8568745859905107,-0.011757983221786651,-7.525109261943457,4.505668878966551,10.64326144360171,1.0
4.1666665,125,-2.2575320614861156,-0.8224179754320311,0.008410973382480678,5.383022964787633,1.014651657402479,0.01465165740247909,0.0,0.6326259946949602,1.0047764778137207,754.0,477.0,-585.0339214246828,-340.45198655943784,0.05056005801618367,0.5775054057585294,-2.11315402495336,0.002752152629928728,1.761377683154386,1.4644548799012682,-0.6870434099677709,0.00928493153123984,5.942356179993498,1.0251633775309301,2.362532743620875,0.005679009308152266,3.6345659572174505,2.7132507194183972,5.4717207425342735,0.0044297273136425855,2.8350254807312547,2.810940015292255,6.733411232584845,1.0
4.2,126,-0.11530984009605567,2.3346869091120217,0.010402182215987717,6.657396618232139,1.0117981226544663,0.011798122654466336,0.0,0.6015037593984962,1.0893332958221436,665.0,400.0,-585.1492312647789,-338.11729965032583,0.06096224023217139,3.9238174336452403,0.5167425715868603,0.01381750796620327,8.843205098370092,3.346312027886711,2.6298965965402203,0.011065355336274542,7.081827415215707,1.8818571479854427,3.3169400065079913,0.0017804238050347018,1.1394712352222092,0.8566937704545126,0.9544072628871163,-0.0038985855031175645,-2.4950947219952413,9.688428280671086,2.8054081898211813,1.0
4.233333,127,-0.5747535113893525,1.5926311704478762,0.012734940660693085,8.150362022843575,1.0119020572658541,0.011902057265854138,0.0,0.6040061633281972,0.9477037787437439,649.0,392.0,-585.7239847761682,-336.52466847987796,0.07369718089286448,6.695451263929385,2.5382293968161775,0.0266154257104912,17.033872454714366,2.771633830284145,2.021486825229317,0.012797917744287929,8.190667356344274,-0.5746781976025659,-0.6084097713109031,0.001732562408013387,1.1088399411285677,-2.4565353455880086,-3.9253497778188944,-4.7861397021314867e-05,-0.030631294093641515,18.477675365207396,4.630753184798763,1.0
4.266667,128,-5.194817932425741,0.0573924465096241,-0.008335934851477399,-5.334998304945535,1.0126485591432635,0.01264855914326346,0.0,0.5034578146611342,0.8268833160400391,723.0,364.0,-590.918802708594,-336.4672760333683,0.06536124604138707,5.1022688084945,2.9521929873465638,0.018707503807342943,11.972802436699483,-1.593182455434885,0.4139635905303862,-0.007907921903148256,-5.061070018014884,-4.36481628571903,-1.607523234698931,-0.020705839647436185,-13.251737374359159,-3.790138088116464,-0.9991134633880279,-0.02243840205544957,-14.360577315487726,13.345283384661084,14.885884430352634,1.0
4.3,129,-8.624816136618088,1.4487631981313982,-0.02425221473913345,-15.521417433045407,1.0090573422646265,0.009057342264626511,0.0,0.5761024182076814,0.8248423933982849,703.0,405.0,-599.543618845212,-335.0185128352369,0.04110903130225362,0.3607903493237927,4.641447600007666,-0.004497775362664949,-2.8785762321055675,-4.7414784591707075,1.6892546126611023,-0.023205279170007892,-14.85137866880505,-3.1482960037358225,1.275291022130716,-0.015297357266859636,-9.790308650790166,1.2165202819832075,2.882814256829647,0.005408482380576549,3.461428723568991,5.473518669359335,4.666050625979666,1.0
4.3333335,130,-8.247994108758608,-0.9346613626053145,-0.020645046151279833,-13.212829536819093,1.012027952408373,0.012027952408373066,0.0,0.7204142011834319,0.8412920236587524,676.0,487.0,-607.7916129539706,-335.9531741978422,0.02046398515097379,-4.003296602171304,3.729354866782046,-0.024144457806404594,-15.45245299609894,-4.364086951495096,-0.9120927332256201,-0.019646682443739644,-12.573876763993372,0.37739150767561114,-2.6013473458867225,0.0035585967262682476,2.2775019048116785,3.5256875114114337,-3.8766383680174386,0.018855953993127884,12.067810555601845,16.392460919703126,13.156399548143968,1.0
4.366667,131,-4.230329418942875,-5.717195903149255,0.004414726172768074,2.8254247505715675,1.012143379053265,0.012143379053265013,0.0,0.5057971014492754,1.0154660940170288,690.0,349.0,-612.0219423729135,-341.6703701009915,0.024878711323741864,-4.486709999654067,-1.6608935597348022,-0.01957834795999621,-12.530142694397576,-0.4834133974827637,-5.390248426516848,0.004566109846408383,2.922310301701365,3.8806735540123327,-4.478155693291228,0.024212792290148027,15.496187065694738,3.5032820463367216,-1.8768083474045056,0.02065419556387978,13.218685160883059,13.412442356995584,13.803225422038953,1.0
4.4,132,0.32056870000677273,2.2050514543430864,0.013211981856306503,8.455668388036162,1.0100890189668241,0.010089018966824126,0.0,0.572901325478645,1.0022597312927246,679.0,389.0,-611.7013736729067,-339.46531864664837,0.03809069318004837,-0.47658793653488374,1.25786222393873,-0.006379193404642533,-4.082683778971221,4.010122063119184,2.9187557836735323,0.013199154555353677,8.447458915426353,4.493535460601947,8.30900421019038,0.008633044708945294,5.525148613724989,0.6128619065896146,12.787159903481609,-0.015579747581202733,-9.971038451969749,4.298564908750058,16.22678852775298,1.0
4.4333334,133,-3.962855807980042,2.1497027450595594,0.0014254919550591367,0.9123148512378475,1.0121066452427152,0.012106645242715208,0.0,0.5520684736091298,0.9100540280342102,701.0,387.0,-615.6642294808868,-337.3156159015888,0.039516185135107504,-0.842166114848169,4.239053422659879,-0.005258154248889861,-3.365218719289511,-0.3655781783132852,2.981191198721149,0.001121039155752672,0.71746505968171,-4.375700241432469,0.062435415047616516,-0.012078115399601005,-7.7299938557446435,-8.869235702034416,-8.246568795142764,-0.0207111601085463,-13.255142469469632,5.477546413661816,17.95461056991217,1.0
4.4666667,134,-0.04091464185942597,-9.146148332165415,0.023381327594247124,14.96404966031816,1.0078235582118602,0.007823558211860204,0.0,0.5509677419354839,0.86358243227005,775.0,427.0,-615.7051441227462,-346.4617642337542,0.06289751272935462,2.843755522935112,-4.015854650711049,0.01806180859310922,11.5595574995899,3.685921637783281,-8.254908073370927,0.02331996284199908,14.924776218879412,4.051499816096566,-11.236099272092076,0.02219892368624641,14.207311159197701,8.427200057529035,-11.298534687139693,0.034277039085847415,21.937305014942346,12.563335689067081,26.07527446077473,1.0
4.5,135,-3.325624664326648,-3.748786469850716,-0.004869277163675294,-3.116337384752188,1.0105179354777096,0.010517935477709628,0.0,0.4443037974683544,0.896053671836853,790.0,351.0,-619.0307687870728,-350.2105507036049,0.05802823556567933,3.293971430949682,-6.97422277557655,0.01356309360913037,8.680379909843436,0.45021590801457023,-2.958368124865501,-0.004498714983978851,-2.8791775897464644,-3.2357057297687106,5.296539948505426,-0.027818677825977932,-17.803953808625877,-7.287205545865277,16.532639220597503,-0.05001760151222434,-32.01126496782358,11.612020775493683,36.75802781850977,1.0
4.5333333,136,-7.254983353747942,3.803635124071746,-0.01745163395977821,-11.169045734258054,1.0118265403003355,0.011826540300335475,0.0,0.5628205128205128,0.8429974317550659,780.0,439.0,-626.2857521408207,-346.4069155795332,0.04057660160590112,-0.1727538041883463,-2.404293812390847,-0.0033315329573774463,-2.1321810927215656,-3.4667252351380284,4.569928963185703,-0.016894626566507816,-10.812561002565001,-3.9169411431525987,7.528297088051204,-0.012395911582528965,-7.933383412818538,-0.681235413383888,2.2317571395457776,0.015422766243448967,9.870570395807338,3.218177873474645,10.142631885114932,1.0
4.5666666,137,-8.195614290858154,6.992553747111941,-0.012206013447731966,-7.811848606548458,1.0093353499423388,0.009335349942338755,0.0,0.4908424908424908,1.0830357074737549,819.0,402.0,-634.4813664316789,-339.41436183242126,0.028370588158169154,-4.814352777692534,5.64769515995647,-0.015297235241630062,-9.79023055464324,-4.641598973504188,8.051988972347317,-0.011965702284252616,-7.658049461921674,-1.1748737383661592,3.4820600091616143,0.0049289242822552,3.1545115406433277,2.7420674047864395,-4.04623707888959,0.017324835864784165,11.087894953461866,12.28507499370442,12.117441258367144,1.0
4.6,138,2.8145272724730814,-4.65534248405904,0.013384544291709459,8.566108346694053,1.0083768497654775,0.008376849765477479,0.0,0.43843031123139375,0.9088019132614136,739.0,324.0,-631.6668391592058,-344.0697043164803,0.041755132449878614,1.5219185290455925,2.1692477890322834,-0.0011822297759171707,-0.7566270565869893,6.336271306738126,-3.4784473709241865,0.014115005465712892,9.033603498056252,10.977870280242314,-11.530436343271504,0.026080707749965508,16.691652959977926,12.152744018608473,-15.012496352433118,0.02115178346771031,13.537141419334597,2.75578600076879,23.58640353510272,1.0
4.633333,139,-2.2010580574283223,-1.145564906579319,-0.0004060192143113733,-0.25985229715927893,1.0095903519021248,0.00959035190212476,0.0,0.38674698795180723,1.10857093334198,830.0,321.0,-633.8678972166341,-345.2152692230596,0.04134911323556724,2.7322054435954897,2.397752977930736,-0.0007756395933872021,-0.4964093397678093,1.2102869145498971,0.22850518889845262,0.00040659018252996865,0.26021771681917993,-5.125984392188229,3.706952559822639,-0.013708415283182923,-8.77338578123707,-16.103854672430543,15.237388903094143,-0.03978912303314843,-25.465038741214997,3.6688674222159148,33.763595098663295,1.0
4.6666665,140,-1.6275765911437847,-7.003126409239114,0.009772551880917574,6.254433203787247,1.0078377520318964,0.007837752031896406,0.0,0.4372093023255814,1.0955157279968262,860.0,376.0,-635.4954738077779,-352.21839563229867,0.05112166511648481,4.405572309112813,-3.180551928629427,0.009620165786668015,6.15690610346753,1.6733668655173233,-5.578304906560163,0.010395805380055217,6.653315443235339,0.46307995096742616,-5.806810095458616,0.009989215197525249,6.393097726416159,5.5890643431556555,-9.513762655281255,0.023697630480708172,15.16648350765323,8.211727632383194,18.755573627081514,1.0
4.7,141,-9.354514223209858,2.3980132790474773,-0.0034491242055552625,-2.207439491555368,1.019013764684215,0.019013764684215007,0.0,0.3933649289099526,0.8452937006950378,844.0,332.0,-644.8499880309878,-349.8203823532512,0.047672540910929546,-1.732716385447361,0.43175831180474233,0.00671459126889698,4.297338412094067,-6.138288694560174,3.6123102404341694,-0.0029055745177710354,-1.8595676913734627,-7.811655560077497,9.190615146994332,-0.013301379897826253,-8.512883134608803,-8.274735511044923,14.997425242452948,-0.023290595095351502,-14.905980861024961,4.653583430032109,22.70643690916642,1.0
4.733333,142,-3.495686136455109,-1.465923885058907,-0.00405636070400776,-2.5960708505649666,1.007180870093363,0.007180870093363101,0.0,0.47800925925925924,0.6553905606269836,864.0,413.0,-648.3456741674429,-351.2863062383101,0.04361618020692179,-2.2297462110061588,-0.46538608997855135,0.002811708972371811,1.799493742317959,-0.4970298255587977,-0.8971444017832937,-0.003902882296525169,-2.497844669776108,5.641258869001376,-4.509454642217463,-0.0009973077787541335,-0.6382769784026454,13.452914429078874,-13.700069789211796,0.01230407211907212,7.8746061562061564,2.902848619353641,20.752885124260487,1.0
4.766667,143,-2.6874697233568328,1.1699710238347008,-0.0029608668199662173,-1.894954764778379,1.0065370359363384,0.0065370359363383646,0.0,0.6491620111731844,0.727850615978241,895.0,581.0,-651.0331438907997,-350.1163352144754,0.04065531338695557,-2.798159173427507,0.4035557883777301,-0.0020054586148678527,-1.2834935135154257,-0.5684129624213483,0.8689418783562814,-0.004817167587239664,-3.082987255833385,-0.0713831368625506,1.7660862801395751,-0.0009142852907144949,-0.5851425860572768,-5.712642005863927,6.275540922357038,8.302248803963852e-05,0.05313439234536865,3.1048200645779542,8.486431276984971,1.0
4.8,144,-0.45425457367447036,-2.219630582853486,0.0038505912491246306,2.4643783994397634,1.0051216658299909,0.005121665829990851,0.0,0.5443322109988776,0.6344033479690552,891.0,485.0,-651.4873984644742,-352.33596579732887,0.0445059046360802,-1.3663960394704873,-2.9113066952981512,-0.00028827890953683766,-0.1844985021035761,1.4317631339570198,-3.3148624836758813,0.001717179705331015,1.0989950114118496,2.000176096378368,-4.183804362032163,0.006534347292570679,4.1819822672452345,2.0715592332409187,-5.949890642171738,0.007448632583285174,4.767124853302511,3.221301679142601,7.900508570820173,1.0
4.8333335,145,-2.15807099434127,-4.0907362284908455,-0.0009730475862986832,-0.6227504552311572,1.006841452457132,0.00684145245713208,0.0,0.44344904815229563,0.9959521293640137,893.0,396.0,-653.6454694588155,-356.42670202581974,0.04353285704978152,-1.5678837309218352,-7.130981652447247,-0.0020190151702868253,-1.2921697089835682,-0.20148769145134793,-4.2196749571490955,-0.0017307362607499877,-1.107671206879992,-1.6332508254083677,-0.9048124734732141,-0.0034479159660810027,-2.2066662182918417,-3.633426921786736,3.2789918885589486,-0.009982263258651682,-6.388648485537076,7.41477317778793,8.047882235281229,1.0
4.866667,146,-1.5355463924982153,-0.2269273413448616,-0.004610737347484997,-2.9508719023903978,1.0056565703117388,0.005656570311738829,0.0,0.5741789354473387,0.7504919767379761,883.0,507.0,-655.1810158513136,-356.6536293671646,0.038922119702296525,-1.116722737720238,-6.1739861259095505,-0.00617864795205339,-3.9543346893141695,0.4511609932015972,0.9569955265376962,-0.004159632781766565,-2.6621649803306013,0.6526486846529451,5.176670483686792,-0.002428896521016577,-1.5544937734506092,2.285899510061313,6.081482957160006,0.0010190194450644258,0.6521724448412325,7.416329091334768,6.529555913393831,1.0
4.9,147,-1.2461132565467448,1.5959956753384723,0.006254396801253864,4.002813952802473,1.006642853677708,0.006642853677707894,0.0,0.5307125307125307,1.0554423332214355,814.0,432.0,-656.4271291078604,-355.05763369182614,0.04517651650355039,-0.47506468511221556,-2.6957599191442227,0.0009419781541225025,0.6028660186384016,0.6416580526080224,3.478226206765328,0.007120626106175892,4.557200707952571,0.19049705940642525,2.5212306802276316,0.011280258887942457,7.2193656882831725,-0.46215162524651987,-2.65543980345916,0.013709155408959034,8.773859461733782,2.8029012528332413,9.178537711899898,1.0
4.9333334,148,-1.5144970625605245,-0.08999294418571177,-0.004542513773132795,-2.907208814804989,1.003665207909329,0.0036652079093288936,0.0,0.4528301886792453,0.8138736486434937,795.0,360.0,-657.9416261704209,-355.14762663601186,0.04063400273041759,-0.5436194037542919,-0.7156716521380417,-0.0032421206457687243,-2.0749572132919836,-0.0685547186420763,1.980088267006181,-0.004184098799891227,-2.677823231930385,-0.7102127712500987,-1.4981379397591468,-0.01130472490606712,-7.235023939882956,-0.900709830656524,-4.019368619986778,-0.022584983794009576,-14.45438962816613,2.2612287382758516,15.029836387173757,1.0
4.9666667,149,-2.5176387891272705,0.3959253583520479,-0.0032728523033693268,-2.094625474156369,1.0048047179015227,0.004804717901522704,0.0,0.5639751552795031,0.7511213421821594,805.0,454.0,-660.4592649595482,-354.75170127765983,0.03736115042704826,-1.863261544739089,1.8664173936132897,-0.0062498952452656395,-3.9999329569700093,-1.3196421409847972,2.5820890457513315,-0.003007774599496915,-1.9249757436780257,-1.2510874223427209,0.6020007787451505,0.0011763242003943117,0.7528474882523595,-0.5408746510926221,2.1001387185042972,0.012481049106461431,7.987871428135316,4.791108549338093,8.277029538280987,1.0
5.0,150,0.914215512115363,-2.7838133205865634,0.008765157093149761,5.609700539615847,1.0028484513472813,0.002848451347281289,0.0,0.7644683714670256,1.096116065979004,743.0,568.0,-659.5450494474329,-357.5355145982464,0.04612630752019802,-0.17743032835392114,1.8885333082237707,0.0014725390565903662,0.9424249962178344,1.6858312163851679,0.022115914610481013,0.007722434301856006,4.942357953187844,3.005473357369965,-2.5599731311408505,0.010730208901352921,6.867333696865869,4.256560779712686,-3.161973909886001,0.00955388470095861,6.11448620861351,2.118066205572098,8.093412770488902,1.0
5.0333333,151,2.4723868639895192,-4.68212561812847,0.00413740809295951,2.6479411794940866,0.9993953214735611,-0.0006046785264388621,0.0,0.6357947434292867,0.9450238943099976,799.0,508.0,-657.0726625834434,-362.21764021637483,0.05026371561315753,2.7415117727981624,0.31216379187077337,0.004408355243053483,2.821347355554229,2.9189421011520835,-1.5763695163529974,0.0029358161864631166,1.8789223593363946,1.2331108847669157,-1.5984854309634784,-0.004786618115392889,-3.063435593851449,-1.7723624726030494,0.9614877001773721,-0.01551682701674581,-9.930769290717318,3.9463063659628483,10.133405451147118,1.0
5.0666666,152,-3.51169764264577,-0.21339274999870994,-0.004721528376492882,-3.0217781609554444,1.0039360665021133,0.003936066502113311,0.0,0.7206068268015171,0.8407433032989502,791.0,570.0,-660.5843602260892,-362.43103296637355,0.04554218723666465,-0.3022020300115855,2.9740941451447043,-0.0005249657318159295,-0.3359780683621949,-3.043713802809748,2.661930353273931,-0.004933320974869412,-3.157325423916424,-5.962655903961831,4.238299869626928,-0.007869137161332529,-5.0362477832528185,-7.195766788728747,5.836785300590407,-0.00308251904593964,-1.9728121894013695,3.0082292654562623,9.47307290469204,1.0
5.1,153,-2.6412830343136853,5.94203115648121,-0.0006262671714892752,-0.4008109897531361,1.0028238458001208,0.00282384580012085,0.0,0.6305483028720626,1.0478440523147583,766.0,483.0,-663.2256432604029,-356.48900180989233,0.04491592006517538,-2.3743100212642503,11.327744845475479,-0.0006479469101501392,-0.4146860224960891,-2.0721079912526648,8.353650700330775,-0.00012298117833420968,-0.0787079541338942,0.9716058115570831,5.691720347056844,0.004810339796535203,3.0786174697825297,6.934261715518915,1.4534204774299155,0.012679476957867732,8.114865253035347,11.581326170112202,10.772532418073494,1.0
5.133333,154,0.9083502121407051,4.927596608725377,0.0017649904238252344,1.12959387124815,0.9990752233574367,-0.0009247766425632964,0.0,0.7162726008344924,1.0464235544204712,719.0,515.0,-662.3172930482622,-351.56140520116696,0.04668091048900061,-1.3601396401795682,18.676200553395233,0.0010436916145876163,0.6679626333360744,1.014170381084682,7.348455707919754,0.0016916385247377555,1.0826486558321635,3.086278372337347,-1.0051949924110204,0.0018146197030719652,1.1613566099660577,2.1146725607802637,-6.696915339467864,-0.0029957200934632375,-1.917260859816472,18.737572442313905,7.279862931944607,1.0
5.1666665,155,0.31847443223975375,-0.664959001145939,-0.0020907947021174995,-1.3381086093551997,0.999724350325782,-0.0002756496742180037,0.0,0.9773333333333334,0.48849812150001526,750.0,733.0,-661.9988186160224,-352.2263642023129,0.044590115786883114,-1.1468301300511712,20.257286929619,-0.001006548110696004,-0.6441907908454425,0.21330951012839705,1.581086376223766,-0.00205023972528362,-1.312153424181517,-0.800860870956285,-5.767369331695988,-0.0037418782500213757,-2.3948020800136804,-3.887139243293632,-4.762174339284968,-0.005556497953093341,-3.556158689979738,20.299947656856556,7.10171954971583,1.0
5.2,156,3.1959523426520766,-4.656499999283962,0.008338920980985778,5.336909427830898,0.9974666169591543,-0.002533383040845716,0.0,0.782246879334258,0.498396098613739,721.0,564.0,-658.8028662733703,-356.8828642015968,0.05292903676786889,1.681205227136843,18.057846068820368,0.006832359673780812,4.37271019121972,2.828035357188014,-2.1994408607986315,0.007838907784476816,5.016900982065162,2.614725847059617,-3.7805272370223975,0.009889147509760436,6.329054406246679,3.415586718015902,1.986842094673591,0.013631025759781812,8.72385648626036,18.655638559892832,9.577026998516843,1.0
5.233333,157,5.095373165332748,-12.576285274239813,0.009866970473569638,6.314861103084568,0.9989816506525698,-0.0010183493474301697,0.0,0.3765182186234818,1.0447407960891724,741.0,279.0,-653.7074931080376,-369.4591494758366,0.06279600724143852,6.597168348615469,7.689745993865131,0.016308389173167633,10.437369070827284,4.915963121478626,-10.368100074955237,0.00947602949938682,6.064658879607565,2.0879277642906118,-8.168659214156605,0.0016371217149100045,1.047757897542403,-0.5267980827690053,-4.388131977134208,-0.008252025794850432,-5.281296508704276,14.546253702957355,6.886603755234423,1.0
5.266667,158,-8.074758413364265,-22.20273282703969,-0.01866808589094209,-11.947574970202936,1.0007434569493996,0.0007434569493995902,0.0,0.19141914191419143,1.182234764099121,303.0,58.0,-661.7822515214019,-391.66188230287634,0.04412792135049644,-1.6565239973758707,-12.37095501472379,-0.0025315584681568984,-1.620197419620415,-8.25369234599134,-20.06070100858892,-0.01883994764132453,-12.0575664904477,-13.169655467469966,-9.692600933633685,-0.02831597714071135,-18.122225370055265,-15.257583231760577,-1.5239417194770795,-0.029953098855621356,-19.16998326759767,12.58608912286682,24.54800405162177,1.0
5.3,159,-0.13907139278873934,-28.992870907139505,-0.007117219603842013,-4.555020546458889,0.9983201227424324,-0.0016798772575675747,0.0,0.24880382775119617,0.9055392742156982,209.0,52.0,-661.9213229141907,-420.6547532100158,0.037010701746654426,-2.002391902866407,-39.372717523318556,-0.009689223075475865,-6.201102768304554,-0.34586790549053603,-27.001762508594766,-0.007157664607318967,-4.580905348684139,7.907824440500804,-6.941061500005844,0.011682283034005564,7.476661141763561,21.07747990797077,2.7515394336278405,0.039998260174716915,25.598886511818826,39.90832161400396,33.27362497791156,1.0
5.3333335,160,2.22888361640172,6.837126209013242,0.005947079433921238,3.806130837709593,0.9981208102426137,-0.0018791897573863237,0.0,0.2440119760479042,1.1711541414260864,668.0,163.0,-659.692439297789,-413.81762700100256,0.042957781180575666,-0.1098850432385916,-30.51958642541001,-0.004030457452807092,-2.5794927697965386,1.8925068596278152,8.853131097908545,0.005658765622668774,3.6216099985080152,2.238374765118351,35.85489360650331,0.01281643022998774,8.202515347192154,-5.669449675382452,42.795955106509155,0.001134147195982177,0.7258542054285932,30.62859796416139,43.17595740024279,1.0
5.366667,161,0.8042277171778638,17.089387218497734,-0.00016850922665143886,-0.10784590505692088,0.9978668720828231,-0.0021331279171769024,0.0,0.5120481927710844,0.8293352127075195,664.0,340.0,-658.8882115806111,-396.72823978250483,0.04278927195392423,0.3636526093695238,-11.31187105455541,-0.004416346079150493,-2.8264614906563157,0.4735376526081154,19.2077153708546,-0.00038588862634340165,-0.24696872085977706,-1.4189692070196998,10.354584272946056,-0.0060446542490121755,-3.8685787193677923,-3.657343972138051,-25.500309333557254,-0.018861084478999916,-12.071094066559947,11.66531416350854,28.44913448598007,1.0
5.4,162,1.6288980883579116,3.1765976689018816,0.006630974803218908,4.243823874060101,0.996530659951439,-0.0034693400485610315,0.0,0.48637015781922527,1.1379376649856567,697.0,339.0,-657.2593134922532,-393.55164211360295,0.049420246757143134,1.6462278505836139,-6.075386062055941,0.0022372569109547283,1.431844423011026,1.28257524121409,5.23648499249947,0.0066536029901052215,4.258305913667342,0.8090375886059746,-13.97123037835513,0.007039491616448623,4.505274634527119,2.2280067956256744,-24.325814651301187,0.013084145865460799,8.373853353894912,6.455273843205144,25.82306513029293,1.0
5.4333334,163,-0.3136193416572293,1.9980056708167513,-8.088661688791774e-05,-0.05176743480826736,0.999404051101921,-0.0005959488980790129,0.0,0.9251497005988024,0.7098721861839294,668.0,618.0,-657.5729328339105,-391.5536364427862,0.049339360140255216,0.9229078672810829,-2.1058986784499325,0.0018134013940601865,1.1605768921985193,-0.723319983302531,3.9694873836060083,-0.0004238555168945418,-0.27126753081250676,-2.005895224516621,-1.2669976088934618,-0.007077458506999763,-4.5295734444798486,-2.8149328131225957,12.704232769461669,-0.014116950123448387,-9.034848079006967,2.575559531071193,15.841396933786928,1.0
5.4666667,164,-0.3774044528215468,3.061036807443423,-0.0015356257126895375,-0.982800456121304,0.9995109964550042,-0.0004890035449958141,0.0,0.9568627450980393,0.6154321432113647,765.0,732.0,-657.9503372867321,-388.4925996353428,0.04780373442756568,0.14364314500630826,2.9948017972737944,0.00037206194278771587,0.23811964338413816,-0.7792647222747746,5.100700475723727,-0.0014413394512724706,-0.9224572488143812,-0.05594473897224361,1.1312130921177186,-0.0010174839343779288,-0.6511897180018744,1.9499504855443774,2.3982107010111804,0.006059974572621835,3.878383726477974,3.0076855092624033,4.959393288732853,1.0
5.5,165,0.08019053092653852,2.970849390228167,-0.0010246633276645434,-0.6557845297053078,0.9986438442053263,-0.0013561557946737413,0.0,0.9544235924932976,0.5569501519203186,746.0,712.0,-657.8701467558055,-385.5217502451146,0.046779071099901134,-0.01784066410300511,7.62168160343748,-0.00019427365797129725,-0.12433514110163024,-0.16148380910931337,4.626879806163686,-0.0005663356007590131,-0.3624547844857684,0.6177809131654612,-0.4738206695600411,0.0008750038505134575,0.5600024643286128,0.6737256521377049,-1.6050337616777597,0.0018924877848913862,1.2111921823304872,7.622716574869205,2.12061928054338,1.0
5.5333333,166,-0.9371157221213985,1.240492026416935,-0.0031437260742652453,-2.011984687529757,0.9999074148592052,-9.258514079479863e-05,0.0,1.0,0.2903343141078949,755.0,755.0,-658.8072624779269,-384.2812582186977,0.04363534502563589,-1.241314317133174,10.15633429185209,-0.003516047551880487,-2.2502704332035117,-1.2234736530301689,2.53465268841461,-0.00332177389390919,-2.1259352921018815,-1.0619898439208555,-2.0922271177490757,-0.0027554382931501767,-1.763480507616113,-1.6797707570863167,-1.6184064481890346,-0.003630442143663634,-2.323482971944726,10.476435677477356,3.292330838299711,1.0
5.5666666,167,1.425200443658221,-1.3578081094887098,0.004743942100962201,3.036122944615809,0.9999494554543797,-5.05445456202569e-05,0.0,0.9722991689750693,0.284961462020874,722.0,702.0,-657.3820620342686,-385.6390663281864,0.048379287126598086,-0.31377137761501217,10.165607694405253,0.0005569564660580714,0.3564521382771657,0.9275429395181618,0.009273402553162668,0.0040730040179385585,2.6067225714806774,2.1510165925483307,-2.5253792858614474,0.007394777911847748,4.732657863582559,3.213006436469186,-0.4331521681123718,0.010150216204997925,6.496138371198672,10.176693490561856,7.260223474473262,1.0
5.6,168,0.6085136185489881,-0.733188736751558,0.00025714615907298686,0.16457354180671158,0.9993296632440726,-0.0006703367559274254,0.0,0.9932157394843962,0.4761998951435089,737.0,732.0,-656.7735484157197,-386.372255064938,0.04863643328567107,0.051539160126822026,10.33835442157033,0.0003986365068973721,0.25512736441431816,0.3653105377418342,0.17274672716507666,-0.0001583199591606993,-0.10132477386284755,-0.5622324017763276,0.163473324611914,-0.004231323977099258,-2.708047345343525,-2.7132489943246583,2.6888526104733614,-0.011626101888947006,-7.440705208926084,10.341630355176227,8.363954953979185,1.0
5.633333,169,-0.2761797956748094,-1.762141482603632,-0.0009059432429794369,-0.5798036755068396,1.000104320695158,0.00010432069515808884,0.0,0.9932523616734144,0.49975863099098206,741.0,736.0,-657.0497282113945,-388.1343965475416,0.047730490042691635,-0.290826557129094,8.739000380510902,-0.0009432464366202903,-0.6036777194369858,-0.342365717255916,-1.5993540410594278,-0.0013418829435176624,-0.8588050838513039,-0.7076762549977502,-1.7721007682245045,-0.0011835629843569631,-0.7574803099884564,-0.14544385322142261,-1.9355740928364185,0.0030477609927422947,1.9505670353550686,8.764652561616227,2.751783556661621,1.0
5.6666665,170,0.5346925295683354,-2.7601235749343775,0.0014751421563317345,0.9440909800523101,1.0001081120705357,0.00010811207053573746,0.0,0.9465020576131687,0.5308474898338318,729.0,690.0,-656.5150356818261,-390.89452012247597,0.049205632199023366,0.22348927195218948,5.314082651086267,1.6833717591334396e-05,0.010773579258454014,0.5143158290812835,-3.424917729424635,0.0009600801542116247,0.6144512986954398,0.8566815463371995,-1.8255636883652073,0.002301963097729287,1.4732563825467437,1.5643578013349497,-0.05346292014070286,0.00348552608208625,2.2307366925352,5.318791023086337,2.725116475648403,1.0
5.7,171,-0.012144314344922802,-1.8222743873362786,-0.00018686895542121052,-0.11959613146957473,1.000468905025182,0.0004689050251820426,0.0,0.9892617449664429,0.5226753354072571,745.0,737.0,-656.5271799961711,-392.71679450981225,0.04901876324360216,0.26365689763611044,2.183452884603412,-0.000538827574341455,-0.3448496475785312,0.04016762568392096,-3.130629766482855,-0.0005556612919327894,-0.3556232268369852,-0.4741482033973625,0.2942879629417803,-0.001515741446144414,-0.970074525532425,-1.330829749734562,2.1198516513069876,-0.003817704543873701,-2.4433309080791688,2.2261856927015535,3.497820002902164,1.0
5.733333,172,0.194379355652596,-2.40538581096539,0.0010785090259587964,0.6902457766136296,1.0007407401374733,0.0007407401374732725,0.0,0.9867021276595744,0.5329577922821045,752.0,742.0,-656.3328006405185,-395.12218032077766,0.050097272269560955,0.39731491386396556,-1.9770249683890597,-0.00028020660349330206,-0.17933222623571332,0.13365801622785511,-4.1604778529924715,0.00025862097084815294,0.16551742134281788,0.09349039054393415,-1.0298480865096167,0.0008142822627809423,0.5211406481798031,0.5676385939412967,-1.324136049451397,0.0023300237089253564,1.4912151737122281,2.024511524733596,2.0734687229611146,1.0
5.766667,173,0.4957904311137904,-2.1809274615697474,0.001954141773552028,1.2506507350732978,1.0007279725336342,0.0007279725336342135,0.0,0.9930747922437673,0.454751580953598,722.0,717.0,-655.8370102094046,-397.3031077823474,0.05205141404311298,0.5612534760801964,-5.876854364642156,0.0001954403641737587,0.12508183307120557,0.16393856221623082,-3.8998293962530965,0.00047564696766706077,0.3044140593069189,0.030280545988375707,0.260648456739375,0.00021702599681890783,0.138896637964101,-0.06320984455555845,1.2904965432489917,-0.0005972562659620345,-0.3822440102157021,5.9049189793417245,1.3474001988763828,1.0
5.8,174,-0.03845189510250602,-0.8623260226121381,0.00032232296160962314,0.20628669543015882,1.0006523916760455,0.0006523916760454718,0.0,0.9906542056074766,0.2518712282180786,749.0,742.0,-655.8754621045072,-398.16543380495955,0.05237373700472261,0.6156378020608599,-7.729732420861069,-4.908131928119813e-05,-0.031412044339966805,0.05438432598066356,-1.8528780562189127,-0.00024452168345495684,-0.15649387741117238,-0.10955423623556726,2.046951340034184,-0.0007201686511220176,-0.46090793671809127,-0.13983478222394297,1.786302883294809,-0.0009371946479409254,-0.5998045746821923,7.7542736550863784,1.8894965691941996,1.0
5.8333335,175,-0.3516217202795937,0.03740932780868885,-0.0008000548898768727,-0.5120351295211986,1.000416662078841,0.0004166620788410569,0.0,0.9939485627836612,0.17391297221183777,661.0,657.0,-656.2270838247867,-398.12802447715086,0.05157368211484573,0.43212319209283123,-7.196475568406299,-0.0009634090130397552,-0.6165817683454433,-0.1835146099680287,0.5332568524547696,-0.000914327693758557,-0.5851697240054765,-0.23789893594869227,2.3861349086736823,-0.0006698060103036002,-0.42867584659430413,-0.128344699713125,0.3391835686394984,5.0362640818417403e-05,0.03223209012378714,7.235755947851562,0.3640834558356442,1.0
5.866667,176,0.3978850503663076,-0.36737051367772255,0.0012904352831211087,0.8258785811975096,1.0002018546865967,0.00020185468659672523,0.0,0.9970104633781763,0.12697501480579376,669.0,667.0,-655.8291987744204,-398.4953949908286,0.05286411739796684,0.9340566001853858,-7.1121031406270845,3.8199102296146425e-05,0.024447425469533712,0.5019334080925546,0.08437242777921483,0.0010016081153359016,0.641029193814977,0.6854480180605833,-0.4488844246755548,0.0019159358090944587,1.2261989178204535,0.9233469540092756,-2.835019333349237,0.002585741819398059,1.6548747644147577,7.173218976992102,3.4100608064723654,1.0
5.9,177,0.12058575822779229,0.38997200438124163,0.000273447995561746,0.17500671715951743,1.0002047177811408,0.0002047177811408396,0.0,0.9897058823529412,0.24261215329170227,680.0,673.0,-655.7086130161927,-398.1054229864473,0.05313756539352859,1.1588104450839865,-6.972924621087145,0.0001532148248643006,0.09805748791315239,0.22475384489860062,0.13917851953993932,0.00011501572256815418,0.07361006244361867,-0.277179563193954,0.054806091760724485,-0.0008865923927677474,-0.5674191313713584,-0.9626275812545373,0.5036905164362793,-0.002802528201862206,-1.793618049191812,7.069238621657561,2.097003028831014,1.0
5.9333334,178,-1.1696146367100468,3.262208313840228,-0.0014701940363961528,-0.9409241832935378,1.001103184580131,0.0011031845801310336,0.0,0.8763297872340425,0.7949274778366089,752.0,659.0,-656.8782276529028,-394.8432146726071,0.05166737135713244,0.024206025121884522,-4.113084685482249,-0.0017536026873950922,-1.122305719932859,-1.134604419962102,2.859839935604896,-0.0019068175122593928,-1.2203632078460114,-1.3593582648607025,2.7206614160649565,-0.002021833234827547,-1.29397327028963,-1.0821787016667486,2.665855324304232,-0.0011352408420597995,-0.7265541389182717,4.263522216500675,2.967452825108029,1.0
5.9666667,179,-0.7169390277085889,7.581253278645018,0.0048327171246619945,3.0929389597836767,0.9987876175940672,-0.0012123824059327992,0.0,0.5625920471281296,0.9932276606559753,679.0,382.0,-657.5951666806113,-387.26196139396205,0.056500088481794435,-0.6436915836389971,2.9554908290812136,0.002644930956377918,1.6927558120818675,-0.6678976087608817,7.068575514563463,0.00439853364377301,2.8150615320147265,0.46670681120122026,4.208735578958567,0.006305351156032403,4.035424739860738,1.8260650760619228,1.4880741628936107,0.00832718439085995,5.329398010150368,3.4662208722133943,5.8267796875185915,1.0
6.0,180,0.7472124942261539,0.898712088636707,0.004523826748816963,2.895249119242856,0.9997095788810929,-0.00029042111890709155,0.0,0.4017991004497751,1.0172234773635864,667.0,268.0,-656.8479541863852,-386.3632493053253,0.061023915230611396,0.1753493088989444,3.157752316778044,0.0068295982776949565,4.370942897724772,0.8190408925379415,0.2022614876968305,0.0041846673213170385,2.6781870856429046,1.4869385012988232,-6.8663140268666325,-0.0002138663224559717,-0.1368744463718219,1.020231690097603,-11.0750496058252,-0.006519217478488375,-4.17229918623256,5.395117133985051,11.878791056854448,1.0
6.0333333,181,-0.2656289013204758,-1.692001898007652,-0.0033149101220873722,-2.1215424781359182,1.0007522455859923,0.000752245585992295,0.0,0.6549707602339181,0.9143788814544678,684.0,448.0,-657.1135830877057,-388.055251203333,0.057709005108524024,-0.022734579869165827,0.5630927517331656,0.003247862625855899,2.0786320805477754,-0.19808388876811023,-2.5946595650448785,-0.0035817356518390575,-2.292310817176997,-1.0171247813060518,-2.796921052741709,-0.007766402973156096,-4.9704979028199014,-2.504063282604875,4.0693929741249235,-0.007552536650700124,-4.83362345644808,2.1536716635686672,6.796632093903,1.0
6.0666666,182,-1.9831536798076623,5.318187981362384,-0.004419047854130937,-2.8281906266437993,0.9990420809183918,-0.0009579190816082495,0.0,0.8120411160058737,0.542924702167511,681.0,553.0,-659.0967367675133,-382.73706322197063,0.05328995725439309,-1.8824522614658008,4.827024795234138,-0.0012019009942574252,-0.7692166363247521,-1.859717681596635,4.263932043500972,-0.004449763620113324,-2.8478487168725275,-1.6616337928285247,6.858591608545851,-0.0008680279682742667,-0.5555378996955307,-0.644509011522473,9.65551266128756,0.006898375004881829,4.414960003124371,5.237889758681605,10.636549649552997,1.0
6.1,183,1.3292644216473664,-0.7671433502091676,0.0013858145488576002,0.8869213112688641,0.9985959937167914,-0.001404006283208581,0.0,0.9788359788359788,0.4437651038169861,756.0,740.0,-657.7674723458659,-383.5042065721798,0.054675771803250686,-0.4900786002594941,2.98184381453666,1.040187189947639e-05,0.006657198015664889,1.3923736612063067,-1.845180980697478,0.0012123028661569016,0.775873834340417,3.2520913428029417,-6.10911302419845,0.005662066486270226,3.6237225512129445,4.913725135631466,-12.9677046327443,0.0065300944545444925,4.179260450908475,3.0218560334682167,14.483517392786954,1.0
6.133333,184,-0.25674675455571244,1.0141963757237447,-0.0011751595106494804,-0.7521020868156675,0.999705072129192,-0.00029492787080798166,0.0,0.9629139072847682,0.4150138795375824,755.0,727.0,-658.0242191004216,-382.490010196456,0.0535006122926012,-0.7289082847855752,2.890143467680957,-0.0013201438916494238,-0.8448920906556312,-0.2388296845260811,-0.09170034685570272,-0.0013305457635489001,-0.8515492886712961,-1.6312033457323878,1.7534806338417752,-0.0025428486297058017,-1.627423123011713,-4.883294688535329,7.862593658040225,-0.008204915115976028,-5.251145674224658,3.098076693088859,10.64149787099824,1.0
6.1666665,185,0.21768697007825,0.852038642040106,-0.00019868101795961262,-0.12715585149415207,0.9991435880610292,-0.0008564119389707914,0.0,1.0,0.28522735834121704,759.0,759.0,-657.8065321303434,-381.6379715544159,0.05330193127464159,-0.4907380036389668,2.669535865627438,-0.001568490307050703,-1.00383379651245,0.23817028114660843,-0.22060760205351926,-0.00024834641540127933,-0.15894170585681877,0.47699996567268954,-0.12890725519781654,0.0010821993481476208,0.6926075828144773,2.1082033114050773,-1.8823878890395918,0.0036250479778534225,2.3200307058261904,2.893946754366326,3.656562298525575,1.0
6.2,186,0.3761067242759613,0.553917663764803,0.0003982979424953793,0.25491068319704274,0.9993668860723163,-0.0006331139276837261,0.0,0.9986559139784946,0.23330308496952057,744.0,743.0,-657.4304254060675,-381.0840538906511,0.05370022921713697,-0.13104496171524715,2.269359047787816,-0.0012205258786809337,-0.7811365623557975,0.35969304192371965,-0.4001768178396219,0.00034796442836976943,0.22269723415665243,0.12152276077711122,-0.17956921578610263,0.0005963108437710488,0.3816389400134712,-0.3554772048955783,-0.05066196058828609,-0.00048588850437657205,-0.3109686428010061,2.4036092858067444,0.4750075517889392,1.0
6.233333,187,-0.018875570500774205,0.5009843658255898,-0.0006108496394057102,-0.39094376921965457,0.9995058774200486,-0.000494122579951406,0.0,1.0,0.23582792282104492,710.0,710.0,-657.4493009765682,-380.5830695248255,0.05308937957773126,-0.18862543761736106,1.932226286213222,-0.0018243033092932848,-1.1675541179477023,-0.0575804759021139,-0.33713276157459404,-0.0006037774306123511,-0.3864175555919047,-0.41727351782583355,0.06304405626502785,-0.0009517418589821205,-0.6091147897485572,-0.5387962786029448,0.24261327205113048,-0.0015480527027531693,-0.9907537297620284,2.265449314194939,1.153583799578127,1.0
6.266667,188,-0.06551935670314876,0.31763565041434205,-0.0006073846196899662,-0.3887261566015784,0.9994607644136458,-0.0005392355863541587,0.0,1.0,0.21929065883159637,809.0,809.0,-657.5148203332714,-380.26543387441114,0.05248199495804129,-0.3240008938923893,1.5926869443644023,-0.0024281207875053654,-1.5539973040034338,-0.13537545627502823,-0.33953934184881973,-0.0006038174782120806,-0.3864431860557316,-0.07779498037291432,-0.002406580274225689,-4.00475997294758e-08,-2.5630463826864514e-05,0.3394785374529192,-0.06545063653925354,0.0009517018113823911,0.6090891592847303,2.2486742544979306,0.7003706641291781,1.0
6.3,189,0.6985376007195945,-0.5387602229961569,0.0019997087508877866,1.2798136005681835,0.9996679504861894,-0.0003320495138106061,0.0,1.0,0.20662835240364075,806.0,806.0,-656.8162827325517,-380.8041940974073,0.054481703708929075,0.25581399561065155,0.6037159015712064,-0.00046692979377901955,-0.2988350680185725,0.5798148895030408,-0.9889710427931959,0.001961190993726346,1.2551622359848613,0.7151903457780691,-0.6494317009443762,0.0025650084719384264,1.641605422040593,0.7929853261509834,-0.6470251206701505,0.002565048519538156,1.6416310525044198,0.7205665049375288,1.9345334700686296,1.0
6.3333335,190,0.2146947594816835,-0.40679644942346693,0.0001599900412211065,0.10239362638150815,0.99939095317591,-0.0006090468240900204,0.0,0.9987608426270136,0.24000385403633118,807.0,806.0,-656.6015879730701,-381.2109905468307,0.05464169375015018,0.3266993077850202,-0.07458994100460359,-0.00031943056337322556,-0.20443556055886436,0.07088531217436866,-0.67830584257581,0.000147499230405794,0.09439950745970815,-0.5089295773286722,0.310665200217386,-0.0018136917633205518,-1.1607627285251532,-1.2241199231067412,0.9600969011617622,-0.004378700235258978,-2.802368150565746,0.3925429854516556,3.2052336727721666,1.0
6.366667,191,-0.0091569531177227,-0.37209974857709,-0.00015345770300530126,-0.09821292992339281,0.9996590643464831,-0.0003409356535168939,0.0,1.0,0.1869436800479889,805.0,805.0,-656.6107449261877,-381.5830902954078,0.05448823604714488,0.16386331868829984,-0.5635585967913244,-0.00039825217103187094,-0.2548813894603974,-0.16283598909672037,-0.4889686557867208,-7.882160765864538e-05,-0.05044582890153304,-0.23372130127108903,0.18933718678908917,-0.00022632083806443937,-0.1448453363612412,0.27520827605758313,-0.1213280134282968,0.0015873709252561125,1.015917392163912,0.6398546725016647,1.0595037658046182,1.0
6.4,192,0.35702465643907444,-0.5690956497470706,0.0007517265341408519,0.48110498185014516,0.9996473018302143,-0.00035269816978567015,0.0,1.0,0.18645904958248138,781.0,781.0,-656.2537202697487,-382.1521859451549,0.05523996258128573,0.3200796697703936,-1.059772464438879,0.00041681877887217444,0.26676401847819164,0.15621635108209375,-0.4962138676475547,0.0008150709499040454,0.521645407938589,0.3190523401788141,-0.007245211860833933,0.0008938925575626908,0.5720912368401221,0.5527736414499032,-0.1965823986499231,0.0011202133956271301,0.7169365732013633,1.138741284461845,0.9263915954575889,1.0
6.4333334,193,0.18757418311892893,-0.4255776291822992,0.00011107234047674041,0.07108629790511387,0.9996116002202383,-0.0003883997797616834,0.0,1.0,0.193796768784523,807.0,807.0,-656.0661460866297,-382.57776357433715,0.05535103492176247,0.2687931547725384,-1.2500564174181363,0.0006241943582967341,0.3994843893099098,-0.05128651499785519,-0.19028395297925726,0.00020737557942455964,0.13272037083171817,-0.20750286607994894,0.30592991466829744,-0.0006076953704794857,-0.3889250371068709,-0.5265552062587631,0.3131751265291314,-0.0015015879280421765,-0.961016273946993,1.3395814958721814,1.1396891347668925,1.0
6.4666667,194,0.19379581859378658,-0.26904114154992137,0.00010003067649851788,0.06401963295905144,0.9996158632696942,-0.0003841367303057952,0.0,1.0,0.1899179220199585,794.0,794.0,-655.8723502680359,-382.84680471588706,0.05545106559826099,0.25598251672022343,-1.2769298146228039,0.0009518550010683691,0.6091872006837562,-0.012810638052314971,-0.026873397204667526,0.000327660642771635,0.2097028113738464,0.03847587694554022,0.16341055577458974,0.00012028506334707534,0.07698244054212822,0.24597874302548917,-0.1425193588937077,0.0007279804338265611,0.4659074776489991,1.4377711381913183,0.545790332828574,1.0
6.5,195,0.23129326017919766,-0.14391408401814737,0.00020176810403311162,0.12913158658119145,0.9996326706894575,-0.00036732931054250795,0.0,0.9975429975429976,0.20702987909317017,814.0,812.0,-655.6410570078567,-382.9907187999052,0.055652833702294104,0.30643548970567736,-1.4510350794731721,0.0011771625404753822,0.7533840259042446,0.050452972985453926,-0.17410526485036826,0.0002253075394070131,0.14419682522048838,0.0632636110377689,-0.14723186764570073,-0.00010235310336462189,-0.06550598615335801,0.024787734092228675,-0.31064242342029047,-0.00022263816671169723,-0.14248842669548623,1.6634280873246552,0.34266032558791076,1.0
6.5333333,196,0.09156889448691959,0.16319916665038794,-0.00034742394823797276,-0.22235132687230258,0.9993883299050632,-0.0006116700949367893,0.0,1.0,0.23328961431980133,813.0,813.0,-655.5494881133698,-382.82751963325484,0.05530540975405613,0.16923577457816918,-1.3254000551094691,0.0005817648830471339,0.3723295251501657,-0.13719971512750817,0.125635024363703,-0.0005953976574282482,-0.3810545007540789,-0.1876526881129621,0.29974028921407125,-0.0008207051968352613,-0.5252513259745673,-0.250916299150731,0.446972156859772,-0.0007183520934706394,-0.45974533982120924,1.387067168085167,0.6885556445739842,1.0
6.5666666,197,0.1599720361283674,0.2324876286167111,-2.0211081408290892e-05,-0.01293509210130617,0.9994648563554859,-0.0005351436445141244,0.0,1.0,0.2521078586578369,814.0,814.0,-655.3895160772414,-382.59503200463814,0.05528519867264784,0.09554215253638176,-1.0017055941884792,0.00041349289160631103,0.26463545062803906,-0.07369362204178742,0.32369446092098997,-0.0001682719914408229,-0.10769407452212665,0.06350609308572075,0.19805943655728697,0.00042712566598742535,0.2733604262319522,0.25115878119868285,-0.10168085265678428,0.0012478308628226867,0.7986117522065195,1.0404683186281476,0.8433270183817105,1.0
6.6,198,0.21255174099905672,0.2762840570339203,0.00015484994411126444,0.09910396423120924,0.9994918547098015,-0.0005081452901984918,0.0,0.9900249376558603,0.2980335056781769,802.0,794.0,-655.1769643362423,-382.3187479476042,0.05544004861675911,0.17371739984753276,-0.8700761284251257,0.0006301535816359838,0.4032982922470296,0.078175247311151,0.13162946576335344,0.00021666069002967275,0.13866284161899056,0.15186886935293842,-0.19206499515763653,0.00038493268147049564,0.2463569161411172,0.08836277626721767,-0.3901244317149235,-4.219298451692971e-05,-0.027003510090835015,0.9746074680579941,0.40091675196699905,1.0
6.633333,199,0.02364842718821225,0.5453743350337587,-0.0004289830006740114,-0.27454912043136726,0.9995297769081957,-0.00047022309180433375,0.0,0.9916782246879334,0.3249933421611786,721.0,715.0,-655.1533159090542,-381.7733736125704,0.0550110656160851,0.0044852756267346194,-0.4397790302610929,0.00020687458557304417,0.13239973476674827,-0.16923212422079814,0.43029709816403283,-0.0004232789960629396,-0.27089855748028135,-0.24740737153194914,0.2986676324006794,-0.0006399396860926124,-0.4095613990992719,-0.39927624088488756,0.4907326275583159,-0.001024872367563108,-0.6559183152403891,0.45929881659018057,0.9113006444380725,1.0
6.6666665,200,0.16589647828691442,0.42707385775168427,-0.00012514808438489507,-0.08009477400633284,0.9993055607257386,-0.0006944392742613825,0.0,0.9734177215189873,0.3293938636779785,790.0,769.0,-654.9874194307673,-381.34629975481874,0.054885917531700204,-0.00820117114005825,-0.18355174238143945,0.0001575584648122047,0.10083741747981101,-0.01268644676679287,0.25622728787965343,-4.9316120760839466e-05,-0.03156231728693726,0.15654567745400527,-0.1740698102843794,0.00037396287530210015,0.2393362401933441,0.4039530489859544,-0.4727374426850588,0.0010139025613947125,0.648897639292616,0.20958694163360594,0.8987362804410357,1.0
6.7,201,0.23222762827958107,0.4488965029031364,3.755691163140503e-06,0.0024036423444099217,0.9992983248861081,-0.0007016751138918531,0.0,0.9944827586206897,0.35677969455718994,725.0,721.0,-654.7551918024877,-380.8974032519156,0.054889673222863346,0.03805796129176997,0.03276230486761733,0.00026918891537672934,0.17228090584110678,0.04625913243182822,0.21631404724905678,0.00011163045056452464,0.07144348836129577,0.05894557919862109,-0.03991324063059665,0.0001609465713253641,0.10300580564823303,-0.09760009825538418,0.13415656965378275,-0.00021301630397673604,-0.13633043454511107,0.17945051561741712,0.2147318135349062,1.0
6.733333,202,0.08182166630194966,0.5534869113835872,-0.00045365139685834784,-0.2903368939893426,0.99935535213626,-0.0006446478637399666,0.0,0.9893758300132802,0.342769593000412,753.0,745.0,-654.6733701361858,-380.343916340532,0.054436021826004995,-0.08716759113463013,0.29876651236747875,-7.70496552033248e-05,-0.04931177933012787,-0.1252255524264001,0.2660042074998614,-0.00034623857058005414,-0.22159268517123465,-0.17148468485822832,0.04969016025080464,-0.0004578690211445788,-0.2930361735325304,-0.2304302640568494,0.08960340088140129,-0.0006188155924699429,-0.39604197918076345,0.3151051720253797,0.4668791335198423,1.0
6.766667,203,0.13232761557389144,0.5409755062666215,-0.0005667622281430029,-0.36272782601152187,0.9991270684788701,-0.0008729315211298827,0.0,0.9931787175989086,0.34831273555755615,733.0,728.0,-654.5410425206119,-379.80294083426537,0.05386925959786199,-0.16175419580247308,0.4923992078786341,-0.0004843296537364872,-0.3099709783913518,-0.07458660466784295,0.19363269551115536,-0.0004072799985331624,-0.2606591990612239,0.05063894775855715,-0.07237151198870606,-6.104142795310824e-05,-0.039066513889989274,0.22212363261678547,-0.1220616722395107,0.00039682759319147054,0.25396965964254115,0.6039067868670652,0.3588015440542733,1.0
6.8,204,0.19790852511217324,0.3958451345053847,-0.00019406543056531817,-0.12420187556180363,0.9992868629446134,-0.000713137055386559,0.0,0.9918032786885246,0.3383065462112427,732.0,726.0,-654.3431339954997,-379.40709569975996,0.05367519416729667,-0.1685938336503341,0.4818281773455624,-0.0004594384236674409,-0.2940405911471622,-0.006839637847861013,-0.010571030533071735,2.4891230069046255e-05,0.015930387244189603,0.06774696681998194,-0.2042037260442271,0.00043217122860220863,0.2765895863054135,0.017108019061424784,-0.13183221405552104,0.0004932126565553169,0.3156561001954028,0.5891028284359495,0.34250721243436166,1.0
6.8333335,205,0.2669573438813294,0.407168366786436,-0.00015790357469707854,-0.10105828780613027,0.9990647008282132,-0.0009352991717868075,0.0,0.9774436090225563,0.3779362738132477,798.0,780.0,-654.0761766516183,-378.9999273329735,0.053517290592599596,-0.14475889941047626,0.46692830959705134,-0.00047287091713685975,-0.30263738696759024,0.02383493423985783,-0.014899867748511042,-1.3432493469418827e-05,-0.00859679582042805,0.030674572087718843,-0.004328837215439307,-3.832372353846508e-05,-0.024527183064617653,-0.03707239473226309,0.1998748888287878,-0.0004704949521406737,-0.3011167693700312,0.5749491918876511,0.3633120455357206,1.0
6.866667,206,0.24779376983302576,0.4185190751889257,-0.00018595038004706478,-0.11900824323012146,0.9991021688504158,-0.000897831149584194,0.0,0.9880159786950732,0.37658819556236267,751.0,742.0,-653.8283828817853,-378.5814082577846,0.05333134021255253,-0.15863419311187954,0.4482247689039127,-0.00051341454922256,-0.3285853115024384,-0.01387529370140328,-0.01870354069313862,-4.0543632085700276e-05,-0.025947924534848177,-0.03771022794126111,-0.0038036729446275785,-2.711113861628145e-05,-0.017351128714420128,-0.06838480002897995,0.0005251642708117288,1.1212584922183633e-05,0.007176054350197525,0.5779606886444593,0.06876228929109256,1.0
6.9,207,0.2771828685481208,0.4070068837814108,-0.00011428487561442573,-0.07314232039323246,0.9990243216024287,-0.000975678397571289,0.0,0.9861495844875346,0.39925700426101685,722.0,712.0,-653.5512000132371,-378.17440137400314,0.0532170553369381,-0.15229771524286662,0.40849462737179465,-0.00046981716210552776,-0.30068298374753777,0.006336477869012924,-0.03973014153211807,4.359738711703226e-05,0.027902327754900647,0.020211771570416204,-0.021026600838979448,8.414101920273254e-05,0.05385025228974882,0.05792199951167731,-0.01722292789435187,0.00011125215781901399,0.07120138100416895,0.5295967441130476,0.09338749343239501,1.0
6.9333334,208,0.31671949368457963,0.3022027163913699,-1.3851531339809048e-06,-0.0008864980057477791,0.9989307530247223,-0.00106924697527766,0.0,0.9938949938949939,0.37713557481765747,819.0,814.0,-653.2344805195526,-377.87219865761176,0.05321567018380412,-0.1337853220991292,0.2780801585687982,-0.0003531504353446388,-0.22601627862056883,0.018512393143737427,-0.13041446880299645,0.00011666672676088896,0.07466670512696894,0.012175915274724503,-0.09068432727087838,7.30693396438567e-05,0.04676437737206829,-0.008035856295691701,-0.06965772643189894,-1.1071679558875835e-05,-0.007085874917680535,0.3825054838826579,0.0704768292519981,1.0
6.9666667,209,0.3524359307023294,0.24842401468178435,8.720035620596744e-05,0.05580822797181916,0.998996199863491,-0.0010038001365090254,0.0,0.9912280701754386,0.37943318486213684,798.0,791.0,-652.8820445888502,-377.62377464292996,0.05330287054001009,-0.10538764625596286,0.10904766654846298,-0.00015977647073649182,-0.10225694127135476,0.028397675843166326,-0.1690324920203352,0.000193373964608147,0.12375933734921407,0.009885282699428899,-0.03861802321733876,7.670723784725803e-05,0.049092632222245136,-0.0022906325752956036,0.052066304053539625,3.637898203401324e-06,0.0023282548501768474,0.18290552643703809,0.05216864753890036,1.0
7.0,210,0.40949490209035094,0.33118944557713315,5.831583037573957e-05,0.037322131440473326,0.9988624345546372,-0.0011375654453628092,0.0,0.9987421383647799,0.43824148178100586,795.0,794.0,-652.4725496867599,-377.2925851973528,0.053361186370385824,-0.04376446169612791,0.04046993924879416,-1.1807267205163341e-05,-0.007556651011304538,0.061623184559834954,-0.06857772729966882,0.00014796920353132847,0.09470029026005022,0.03322550871666863,0.10045476472066639,-4.540476107681851e-05,-0.029059047089163847,0.02334022601723973,0.13907278793800515,-0.00012211199892407654,-0.07815167931140898,0.06008533152824894,0.16122559187231567,1.0
7.0333333,211,0.3940864397000239,0.3269417804244732,-6.614377119229883e-05,-0.04233201356307125,0.9987867352565959,-0.0012132647434041077,0.0,0.9815270935960592,0.43127432465553284,812.0,797.0,-652.0784632470599,-376.96564341692834,0.05329504259919352,-0.023452916368682963,-0.011920437455785304,-1.8626675293210992e-05,-0.011921072187655035,0.020311545327444946,-0.05239037670457947,-6.8194080880476515e-06,-0.004364421176350497,-0.04131163923239001,0.016187350595089356,-0.00015478861161937613,-0.09906471143640072,-0.07453714794905864,-0.08426741412557703,-0.00010938385054255761,-0.07000566434723687,0.028883352946585148,0.13250500574879934,1.0
7.0666666,212,0.3609304537623913,0.299693326896727,4.1564013868577704e-05,0.02660096887588973,0.9989479307281658,-0.0010520692718342106,0.0,0.9876712328767123,0.4242274761199951,730.0,721.0,-651.7175327932974,-376.66595009003163,0.0533366066130621,-0.0479067577995238,-0.08405313866148845,9.340203292731303e-05,0.05977730107348034,-0.02445384143084084,-0.07213270120570314,0.00011202870822052402,0.07169837326113537,-0.044765386758285786,-0.019742324501123676,0.00011884811630857167,0.07606279443748587,-0.0034537475258957784,-0.03592967509621303,0.0002736367279279478,0.1751275058738866,0.11372472591894497,0.17880859385974782,1.0
7.1,213,0.4288548323009596,0.29271277815055974,5.219752453881771e-05,0.03340641570484333,0.9987814395543991,-0.0012185604456008692,0.0,0.9689298043728424,0.43681108951568604,869.0,842.0,-651.2886779609964,-376.37323731188104,0.05338880413760092,-0.015526188522926532,-0.1631940146835973,0.0002107474464375092,0.1348783657200059,0.03238056927659727,-0.07914087602210884,0.00011734541351019617,0.07510106464652555,0.05683441070743811,-0.007008174816405699,5.316705289672152e-06,0.0034026913853901775,0.1015997974657239,0.012734149684717977,-0.00011353141101889952,-0.07266010305209569,0.2122864161878929,0.1255554379101522,1.0
7.133333,214,0.3767673227453346,0.3348422289207715,-7.485378661697973e-05,-0.04790642343486703,0.9987206155842954,-0.001279384415704632,0.0,0.9885452462772051,0.42874181270599365,873.0,863.0,-650.9119106382511,-376.0383950829603,0.05331395035098394,-0.05948069756811947,-0.18676642981489522,0.00017024366223666182,0.10895594383146356,-0.043954509045192935,-0.02357241513129793,-4.050378420084738e-05,-0.025922421888542324,-0.0763350783217902,0.05556846089081091,-0.00015784919771104355,-0.10102348653506787,-0.13316948902922832,0.06257663570721661,-0.0001631659030007157,-0.10442617792045805,0.22425666185243487,0.18042941772287194,1.0
7.1666665,215,0.4409616264077791,0.368520568400402,-4.790641902692704e-06,-0.00306601081772333,0.998607680251444,-0.0013923197485560257,0.0,0.9850917431192661,0.46911370754241943,872.0,859.0,-650.4709490118433,-375.66987451455987,0.05330915970908125,-0.03527245434213455,-0.18180445964082992,0.0002111355203435819,0.13512673301989242,0.024208243225984916,0.0049619701740653,4.089185810692009e-05,0.026170789188428856,0.06816275227117785,0.02853438530536323,8.139564230776747e-05,0.05209321107697118,0.14449783059296806,-0.02703407558544768,0.00023924484001881102,0.15311669761203905,0.22925148103609147,0.2122620723927155,1.0
7.2,216,0.45266799871692137,0.35902805727575515,-2.8922397194981704e-05,-0.01851033420478829,0.9986084917128859,-0.001391508287114096,0.0,0.9802784222737819,0.4642327129840851,862.0,845.0,-650.0182810131264,-375.31084645728413,0.05328023731188627,-0.00765295190467441,-0.19399881197989544,0.0002245724759090753,0.1437263845818082,0.02761950243746014,-0.012194352339065517,1.3436955565493403e-05,0.008599651561915778,0.003411259211475226,-0.017156322513130817,-2.7454902541426685e-05,-0.017571137626513078,-0.06475149305970263,-0.04569070781849405,-0.00010885054484919415,-0.06966434870348426,0.24156030374923756,0.10551548755844499,1.0
7.233333,217,0.4021369891446122,0.4201015507910973,-8.211367060018473e-05,-0.05255274918411823,0.9986908212109029,-0.0013091787890970874,0.0,0.9851936218678815,0.46923747658729553,878.0,865.0,-649.6161440239817,-374.890744906493,0.05319812364128608,-0.031108699528886063,-0.1408829766587587,0.00016296236075765552,0.10429591088489953,-0.023455747624211654,0.05311583532113673,-6.161011515141979e-05,-0.03943047369690866,-0.051075250061671795,0.06531018766020225,-7.504707071691319e-05,-0.04803012525882444,-0.05448650927314702,0.08246651017333306,-4.7592168175486504e-05,-0.030458987632311363,0.17802640626019997,0.10342753463428624,1.0
7.266667,218,0.4776606516856078,0.4454618122614964,-6.393581184206856e-05,-0.04091891957892388,0.9984910275687543,-0.0015089724312457031,0.0,0.9887133182844243,0.511330246925354,886.0,876.0,-649.1384833722962,-374.4452830942315,0.05313418782944401,0.035302595013149585,-0.06997061898960055,0.00013145583612006462,0.08413173511684136,0.06641129454203565,0.07091235766915815,-3.1506524637590905e-05,-0.02016417576805818,0.0898670421662473,0.017796522348021426,3.0103590513828882e-05,0.019266297928850484,0.1409422922279191,-0.04751366531218082,0.00010515066123074207,0.06729642318767493,0.11497960510551712,0.1632516055164932,1.0
7.3,219,0.4331810110494347,0.42142944847874453,-0.00013750140924169392,-0.0880009019146841,0.9985864313222758,-0.0014135686777242418,0.0,0.9887640449438202,0.4773540794849396,890.0,880.0,-648.7053023612467,-374.02385364575275,0.05299668642020232,0.06618193754445656,-0.03301885172970742,4.650175193467859e-05,0.0297611212381943,0.030879342531306975,0.03695176725989313,-8.495408418538603e-05,-0.054370613878647056,-0.035531952010728673,-0.033960590409265023,-5.344755954779512e-05,-0.03420643811058888,-0.12539899417697598,-0.05175711275728645,-8.3551150061624e-05,-0.05347273603943936,0.07972463712078752,0.14581851720927377,1.0
7.3333335,220,0.42486885324152157,0.4241247398848501,-9.502705300134857e-05,-0.060817313920863085,0.9986079631232544,-0.001392036876745606,0.0,0.9863169897377423,0.4746555685997009,877.0,865.0,-648.2804335080052,-373.5997289058679,0.05290165936720097,0.09380592244303898,0.002713546545180634,6.942002330909136e-06,0.004442881491781847,0.02762398489858242,0.035732398274888055,-3.9559749603769456e-05,-0.025318239746412452,-0.0032553576327245537,-0.001219368985005076,4.539433458161657e-05,0.029052374132234604,0.03227659437800412,0.03274122142425995,9.884189412941169e-05,0.06325881224282348,0.09395027203894794,0.07820130082912571,1.0
7.366667,221,0.4578953046429074,0.39737637359294187,-3.3981206820476075e-05,-0.021747972365104687,0.9985336446666592,-0.0014663553333408297,0.0,0.9966887417218543,0.47939392924308777,906.0,903.0,-647.8225382033623,-373.202352532275,0.052867678160380495,0.16075333676906212,0.0021103809955320685,4.911777879441914e-05,0.03143537842842825,0.06694741432602314,-0.0006031655496485655,4.2175776463510006e-05,0.026992496936646404,0.039323429427440715,-0.03633556382453662,8.173552606727946e-05,0.052310736683058856,0.04257878706016527,-0.035116194839531545,3.6341191485662894e-05,0.023258362550824252,0.16381169679626756,0.05989200010075155,1.0
7.4,222,0.41733723490944147,0.3818395251960188,-9.421544832189085e-05,-0.06029788692601014,0.9986413339874262,-0.0013586660125738392,0.0,0.9899103139013453,0.45073655247688293,892.0,883.0,-647.4052009684528,-372.82051300707894,0.05277346271205861,0.19782817979046285,-0.00838317982368153,2.427496396388562e-05,0.015535976936886797,0.03707484302140074,-0.010493560819213599,-2.484281483053352e-05,-0.015899401491541454,-0.029872571304622397,-0.009890395269565033,-6.701859129404353e-05,-0.04289189842818786,-0.06919600073206311,0.026445168554971588,-0.000148754117361323,-0.09520263511124671,0.19861428197022327,0.12062742304027606,1.0
7.4333334,223,0.40951682941995693,0.47318998268631823,-0.00016979739289865427,-0.10867033145513874,0.9985639500624724,-0.0014360499375275504,0.0,0.9978378378378379,0.49326372146606445,925.0,923.0,-646.9956841390328,-372.3473230243926,0.05260366531915995,0.23649451409664835,0.06294523010939201,-6.0367084773034485e-05,-0.03863493425474207,0.03866633430618549,0.07132840993307354,-8.46420487369201e-05,-0.05417091119162887,0.0015914912847847518,0.08182197075228714,-5.9799233906386584e-05,-0.038271509700087414,0.03146406258940715,0.09171236602185218,7.219357387656944e-06,0.004620388728100444,0.24775878457928058,0.09706952821537289,1.0
7.4666667,224,0.277244977784499,0.41873789551307694,-8.710425017012127e-05,-0.055746720108877615,0.9989488725149588,-0.0010511274850412144,0.0,0.9911392405063291,0.43667876720428467,790.0,783.0,-646.7184391612484,-371.92858512887955,0.05251656106898983,0.15814615301212598,0.07223393342502504,-4.225449278602578e-05,-0.027042875383056497,-0.07834836108452237,0.009288703315633029,1.8112591987008708e-05,0.011592058871685573,-0.11701469539070786,-0.062039706617440515,0.00010275464072392881,0.06576297006331444,-0.11860618667549261,-0.14386167736972766,0.0001625538746303154,0.10403447976340185,0.17595244800675333,0.21351061498898616,1.0
7.5,225,0.28171643317349704,0.43172040530570893,-0.00013646129580705677,-0.08733522931651633,0.9990198051185012,-0.0009801948814988082,0.0,0.9794608472400513,0.4282049834728241,779.0,763.0,-646.4367227280749,-371.4968647235738,0.052380099773182774,0.09604768433769095,0.09219478170263073,-7.973585028381303e-05,-0.051030944181640336,-0.062098468674435026,0.01996084827760569,-3.748135749778725e-05,-0.02398806879858384,0.01624989241008734,0.010672144961972663,-5.559394948479596e-05,-0.03558012767026941,0.1332645878007952,0.07271185157941318,-0.00015834859020872477,-0.10134309773358385,0.14258047799014475,0.1825291406325609,1.0
7.5333333,226,0.23225038616950078,0.4540460549779023,-0.0002704942143772825,-0.1731162972014608,0.9989567278260452,-0.0010432721739548345,0.0,0.9864864864864865,0.43028736114501953,814.0,803.0,-646.2044723419053,-371.04281866859594,0.05210960555880549,-0.007300812795847378,0.14910539138048762,-0.0002508092264865147,-0.16051790495136942,-0.10334849713353833,0.05691060967785688,-0.0001710733762027017,-0.10948696076972908,-0.041250028459103305,0.03694976140025119,-0.00013359201870491444,-0.08549889197114524,-0.057499920869190646,0.026277616438278528,-7.799806922011848e-05,-0.04991876430087583,0.21920701954131228,0.08055207666452098,1.0
7.5666666,227,0.3318789587037736,0.3876131166140301,4.175531545981659e-05,0.026723401894282618,0.998897208408799,-0.001102791591200969,0.0,0.9640718562874252,0.4102647304534912,835.0,805.0,-645.8725933832015,-370.6552055519819,0.05215136087426531,0.0012087108631249066,0.1244244833111452,-9.588252937106634e-05,-0.06136481879748246,0.008509523658972284,-0.024680908069342422,0.00015492669711544838,0.09915308615388696,0.11185802079251062,-0.0815915177471993,0.00032600007331815006,0.20864004692361604,0.15310804925161392,-0.1185412791474505,0.0004595920920230645,0.2941389388947613,0.13873915818990665,0.35215312717862457,1.0
7.6,228,0.362362469137624,0.21032810701369128,5.403030287743241e-05,0.03457939384155674,0.9989318590527181,-0.0010681409472819148,0.0,0.9785894206549118,0.37568747997283936,794.0,777.0,-645.5102309140639,-370.4448774449682,0.05220539117714274,0.05787062435933876,-0.06181343859975641,5.958341784723792e-05,0.03813338742223227,0.056661913496213856,-0.1862379219109016,0.00015546594721830426,0.09949820621971472,0.04815238983724157,-0.16155701384155918,5.392501028558816e-07,0.0003451200658277642,-0.06370563095526904,-0.07996549609435988,-0.0003254608232152942,-0.20829492685778828,0.09286584728283918,0.23203375731931203,1.0
7.633333,229,0.07061541364625563,0.46864400618012925,-0.0002359527565731075,-0.1510097642067888,0.999306939151922,-0.0006930608480779643,0.0,0.9454094292803971,0.3976861834526062,806.0,762.0,-645.4396155004176,-369.9762334387881,0.051969438420569634,-0.17091393050770876,0.026108394137963842,-8.013859885966368e-05,-0.051288703270184755,-0.22878455486704752,0.08792183273772025,-0.0001397220167069016,-0.08942209069241702,-0.2854464683632614,0.27415975464862186,-0.00029518796392520585,-0.18892029691213175,-0.33359885820050295,0.43571676849018104,-0.00029572721402806174,-0.1892654169779595,0.180343425078915,0.5804814369125392,1.0
7.6666665,230,0.365124914594755,0.3682287765143817,3.8018309566177306e-05,0.024331718122353477,0.999091989200721,-0.0009080107992790465,0.0,0.9735849056603774,0.43341565132141113,795.0,774.0,-645.0744905858229,-369.6080046622737,0.05200745673013581,-0.08717483619705035,0.01239726303634825,7.137554378636862e-05,0.04568034802327592,0.0837390943106584,-0.013711131101615592,0.0001515141426460323,0.09696905129346067,0.3125236491777059,-0.10163296383933584,0.0002912361593529339,0.1863911419858777,0.5979701175409673,-0.3757927184879577,0.0005864241232781398,0.37531143889800944,0.09919595955633766,0.7997794101552139,1.0
7.7,231,0.1631505542353726,0.19253753769524534,2.560027490396177e-05,0.01638417593853553,0.9992841422317948,-0.0007158577682051526,0.0,0.9156626506024096,0.2807322144508362,830.0,760.0,-644.9113400315875,-369.4154671245784,0.052033057005039775,-0.19066813166114116,-0.16467699636910993,0.00020262634122905632,0.12968085838659604,-0.1034932954640908,-0.17707425940545818,0.0001312507974426877,0.08400051036332012,-0.1872323897747492,-0.1633631283038426,-2.0263345203344607e-05,-0.012968540930140549,-0.49975603895245513,-0.06173016446450674,-0.0003114995045562785,-0.19935968291601824,0.2833548563130452,0.541581937334175,1.0
7.733333,232,0.321036392707813,0.45524207745092754,-0.00021542352703953898,-0.13787105730530494,0.9988341484328811,-0.001165851567118903,0.0,0.9868852459016394,0.4272739589214325,915.0,903.0,-644.5903036388797,-368.9602250471275,0.05181763347800024,-0.14347567302331754,-0.05362682328723167,6.092800974802359e-05,0.0389939262387351,0.04719245863782362,0.11105017308187826,-0.00014169833148103272,-0.09068693214786094,0.15068575410191443,0.28812443248733643,-0.0002729491289237204,-0.17468744251118107,0.33791814387666363,0.451487560791179,-0.0002526857837203758,-0.16171890158104052,0.1580557851167929,0.5866708554537172,1.0
7.766667,233,0.43668410763723053,0.3634943742156259,-2.9778089957898137e-05,-0.01905797757305481,0.998791320902705,-0.0012086790972950512,0.0,0.9858078602620087,0.41314154863357544,916.0,903.0,-644.1536195312425,-368.59673067291186,0.05178785538804234,0.02868506612207966,-0.04407400706094222,0.00012221925344647194,0.07822032220574204,0.1721607391453972,0.009552816226289451,6.129124369844835e-05,0.039226395967006944,0.12496828050757358,-0.1014973568555888,0.00020298957517948107,0.1299133281148679,-0.025717473594340845,-0.38962178934292524,0.0004759387041032015,0.30460077062604896,0.0942537528314187,0.4952253594524833,1.0
7.8,234,0.3138928223049815,0.349353801285308,-0.00010586520188583519,-0.06775372920693452,0.9989271586399807,-0.0010728413600192832,0.0,0.9705882352941176,0.3630905747413635,918.0,891.0,-643.8397267089375,-368.24737687162656,0.051681990186156504,0.08822423310982686,-0.03992019521029988,0.00010449374024145558,0.06687599375453157,0.059539166987747194,0.004153811850642342,-1.7725513205016363e-05,-0.011344328451210473,-0.11262157215765001,-0.0053990043756471096,-7.901675690346471e-05,-0.050570724418217416,-0.2375898526652236,0.0960983524799417,-0.0002820063320829458,-0.1804840525330853,0.1176840508909413,0.31346183923662424,1.0
7.8333335,235,0.21651573885581626,0.35057405002929554,-0.00021269590286209525,-0.13612537783174095,0.9989952261315125,-0.0010047738684875185,0.0,0.9749727965179543,0.37315014004707336,919.0,896.0,-643.6232109700817,-367.89680282159725,0.05146929428329441,0.031018255168305586,-0.013840789916002905,-5.588176071474188e-05,-0.0357643268574348,-0.05720597794152127,0.026079405294296976,-0.00016037550095619746,-0.10264032061196637,-0.11674514492926846,0.021925593443654634,-0.0001426499877511811,-0.0912959921607559,-0.004123572771618456,0.027324597819301744,-6.363323084771638e-05,-0.040725267742538485,0.04932328755010635,0.04921569801486989,1.0
7.866667,236,0.23631139590198563,0.22951163214229975,0.0001691325993071683,0.10824486355658772,0.9993203177952338,-0.0006796822047662188,0.0,0.9535175879396985,0.29011666774749756,796.0,759.0,-643.3868995741797,-367.66729118945494,0.051638426882601576,0.01643872895556342,-0.10468144942382196,0.00021622808924706693,0.13838597711812284,-0.014579526212742167,-0.09084065950781905,0.0002721098499618088,0.17415030397555764,0.0426264517287791,-0.11692006480211603,0.00043248535091800627,0.276790624587524,0.15937159665804757,-0.13884565824577066,0.0005751353386691874,0.3680866167482799,0.17429605941065993,0.42445869064519326,1.0
7.9,237,0.24557542819489994,0.5801824626559202,-0.0004882462218329806,-0.3124775819731076,0.9989073825641211,-0.001092617435878851,0.0,0.7939262472885033,0.42046552896499634,922.0,732.0,-643.1413241459848,-367.08710872679904,0.051150180660768596,-0.006578762183721665,0.1747794926542383,-0.00023902146392903306,-0.15297373691458116,-0.023017491139285085,0.27946094207806027,-0.0004552495531761,-0.291359714032704,-0.008437964926542918,0.3703016015858793,-0.0007273594031379088,-0.46551001800826164,-0.05106441665532202,0.48722166638799536,-0.001159844754055915,-0.7423006425957857,0.23236203508739203,0.8893833655091372,1.0
7.9333334,238,0.1802903935978416,0.29282389947492626,-4.321880525183023e-05,-0.027660035361171346,0.9991652005932812,-0.0008347994067188225,0.0,0.9727891156462585,0.35439205169677734,882.0,858.0,-642.9610337523869,-366.79428482732413,0.05110696185551677,-0.09876538261880796,0.19750543059740266,-0.0002527123121319058,-0.16173587976441972,-0.0921866204350863,0.022725937943164354,-1.3690848202872752e-05,-0.008762142849838561,-0.06916912929580121,-0.2567350041348959,0.00044155870497322725,0.28259757118286544,-0.060731164369258295,-0.6270366057207752,0.001168918108111136,0.7481075891911271,0.27371790354756814,0.9780225683719354,1.0
7.9666667,239,0.2911044591911752,0.18216061055928745,0.00020884409240441227,0.13366021913882387,0.9991639991886295,-0.0008360008113704742,0.0,0.9766355140186916,0.29439598321914673,856.0,836.0,-642.6699292931958,-366.61212421676487,0.05131580594792118,-0.048130553760643124,0.08708166110892535,3.684540051489271e-05,0.023581056329531336,0.05063482885816484,-0.11042376948847732,0.0002895577126467985,0.18531693609395106,0.14282144929325113,-0.13314970743164167,0.0003032485608496713,0.19407907894378962,0.21199057858905235,0.12358529670325424,-0.00013831014412355597,-0.08851849223907582,0.10225376337530276,0.26086175350179625,1.0
8.0,240,0.22756521583200473,0.14396477431394666,-0.00018330774784772145,-0.11731695862254173,0.9988959550534752,-0.0011040449465248292,0.0,0.9813953488372092,0.3346589505672455,860.0,844.0,-642.4423640773638,-366.46815944245094,0.051132498200073456,-0.0809287514365451,-0.026162103250953805,-0.00013276522756666687,-0.0849697456426668,-0.032798197675901974,-0.11324376435987915,-0.00016961062808155958,-0.10855080197219813,-0.08343302653406681,-0.002819994871401832,-0.0004591683407283581,-0.2938677380661492,-0.22625447582731795,0.13032971256023984,-0.0007624169015780294,-0.4879468170099388,0.12022385840660398,0.5534157732103955,1.0
8.033334,241,0.18393147010543584,0.5458380642372487,-4.3801197050382375e-05,-0.02803276611224472,0.9993816353565556,-0.0006183646434444467,0.0,0.9803012746234068,0.3640267252922058,863.0,846.0,-642.2584326072583,-365.92232137821367,0.05108869700302308,-0.14572383059999083,0.24007036208826094,-0.00016080142143989895,-0.10291290972153533,-0.06479507916344573,0.26623246533921474,-2.8036193873232085e-05,-0.017943164078868534,-0.03199688148754376,0.3794762296990939,0.0001415744342083275,0.0906076378933296,0.05143614504652305,0.3822962245704957,0.0006007427749366856,0.3844753759594788,0.2990991149189118,0.5446259221312225,1.0
8.066667,242,0.23537131229670538,-0.13068249418648992,0.00016992267259349392,0.10875051045983611,0.999177373548408,-0.0008226264515920345,0.0,0.954337899543379,0.2781556248664856,876.0,836.0,-642.0230612949616,-366.05300387240015,0.05125861967561657,-0.13133434011251666,-0.14425807272010616,7.093373969723621e-05,0.045397593406231174,0.014389490487474177,-0.3843284348083671,0.00023173516113713516,0.1483105031277665,0.07918456965091991,-0.6505609001475818,0.00025977135501036724,0.16625366720663504,0.11118145113846367,-1.0300371298466757,0.00011819692080203975,0.07564602931330544,0.2002998799919439,1.03877818887908,1.0
8.1,243,0.31468648106670255,0.3901173902289498,-0.00021224433336160706,-0.1358363733514285,0.9988761635330281,-0.0011238364669718948,0.0,0.9751972942502819,0.3593530058860779,887.0,865.0,-641.7083748138949,-365.6628864821712,0.05104637534225496,-0.032031189721124065,-0.027871639230056644,-0.00012755721143831167,-0.08163661532051947,0.09930315039139259,0.11638643349004951,-0.00019849095113554788,-0.12703420872675064,0.08491365990391841,0.5007148682984166,-0.00043022611227268304,-0.27534471185451714,0.005729090252998503,1.1512757684459984,-0.0006899974672830503,-0.4415983790611522,0.09201827182310887,1.233076577457981,1.0
8.133333,244,0.1430450504190983,0.37563382873734963,-4.7230371223042574e-05,-0.03022743758274725,0.9994565184436351,-0.0005434815563648554,0.0,0.9866962305986696,0.37891778349876404,902.0,890.0,-641.5653297634758,-365.2872526534338,0.05099914497103192,-0.11531200508147776,0.12113359563704762,-0.0002064400322740606,-0.13212162065539879,-0.0832808153603537,0.14900523486710426,-7.888282083574893e-05,-0.05048500533487932,-0.1825839657517463,0.03261880137705475,0.00011960813029979894,0.07654920339187132,-0.2674976256556647,-0.46809606692136185,0.000549834242572482,0.35189391524638847,0.21313453298909496,0.6438153735241949,1.0
8.166667,245,0.3352256236011234,0.00037875301723339083,0.0003852733775731722,0.2465749616468302,0.99904611387017,-0.0009538861298300505,0.0,0.9954699886749717,0.3330662250518799,883.0,879.0,-641.2301041398747,-365.2868739004166,0.05138441834860509,0.06633138505515035,-0.14613199498171525,0.00024723418900934185,0.1582298809659788,0.1816433901366281,-0.26726559061876287,0.00045367422128340246,0.2903515016213776,0.2649242054969818,-0.41627082548586714,0.0005325570421191514,0.3408365069562569,0.4475081712487281,-0.4488896268629219,0.00041294891181935245,0.26428730356438557,0.22536882621866425,0.6867410278007626,1.0
8.2,246,0.3775785332819438,0.24001532186811306,3.650243687267761e-05,0.023361559598513673,0.9988668611655598,-0.0011331388344402171,0.0,0.9830316742081447,0.33956897258758545,884.0,869.0,-640.8525256065927,-365.0468585785485,0.05142092078547777,0.2574702243999809,-0.13817692635660705,0.00020833009042448003,0.13333125787166722,0.19113883934483056,0.007955068625108197,-3.8904098584861824e-05,-0.024898623094311567,0.009495449208202444,0.27522065924387107,-0.0004925783198682643,-0.31525012471568914,-0.25542875628877937,0.6914914847297382,-0.0010251353619874157,-0.656086631671946,0.3211868673460619,0.9868404081976022,1.0
8.233334,247,-0.06510180141916172,0.5164494086370369,-0.0005247475134446438,-0.33583840860457204,0.9994618130446845,-0.0005381869553154894,0.0,0.9832026875699889,0.365865021944046,893.0,878.0,-640.9176274080119,-364.5304091699115,0.05089617327203312,0.05362983922884723,0.16268866129132675,-0.0003254514391819799,-0.20828892107646713,-0.20384038517113368,0.3008655876479338,-0.0005337815296064599,-0.34162017894813435,-0.39497922451596423,0.2929105190228256,-0.0004948774310215981,-0.3167215558538228,-0.4044746737241667,0.017689859778954542,-2.2991111533338104e-06,-0.0014714311381336387,0.2696813579238928,0.40486399930453737,1.0
8.266666,248,0.19128005942083612,-0.1870845314406977,0.0004491619447477808,0.2874636446385797,0.9997013898566793,-0.0002986101433206656,0.0,0.9485380116959065,0.23890666663646698,855.0,811.0,-640.726347348591,-364.71749370135217,0.051345335216780905,0.12006746516260591,-0.2428323029462831,9.521781366379073e-05,0.06093940074482607,0.06643762593375868,-0.40552096423760986,0.0004206692528457706,0.2692283218212932,0.27027801110489236,-0.7063865518855437,0.0009544507824522305,0.6108485007694275,0.6652572356208566,-0.9992970709083693,0.0014493282134738286,0.9275700566232503,0.27766406700887225,1.5170853751242908,1.0
8.3,249,0.32390979104991363,0.13673795309819178,0.00016623264595103243,0.10638889340866076,0.999111856941608,-0.0008881430583920213,0.0,0.9657836644591612,0.33063822984695435,906.0,875.0,-640.4024375575411,-364.580755748254,0.051511567862731936,0.32323677726242295,-0.30241720822760954,0.00021809482579426137,0.13958068850832728,0.20316931209981703,-0.05958490528132643,0.00012287701213047064,0.07864128776350121,0.13673168616605835,0.34593605895628343,-0.00029779224071529997,-0.19058703405779198,-0.133546324938834,1.052322610841827,-0.0012522430231675305,-0.8014355348272195,0.46413462552543655,1.3294797533913105,1.0
8.333333,250,-0.36616205988301054,0.37423380626427094,-0.0006574958243475919,-0.42079732758245886,1.0001938664209742,0.00019386642097418694,0.0,0.9604790419161676,0.38126140832901,835.0,802.0,-640.7685996174241,-364.2065219419897,0.050854072038384344,-0.13901168270569997,-0.1164631523934645,-0.00045912023373616273,-0.29383694959114415,-0.4622484599681229,0.18595405583414504,-0.0006772150595304241,-0.4334176380994714,-0.66541777206794,0.24553896111547147,-0.0008000920716608947,-0.5120589258629726,-0.8021494582339983,-0.10039709784081197,-0.0005022998309455948,-0.32147189180518065,0.34529417420385494,0.869981326133358,1.0
8.366667,251,0.4802967530564205,0.03648780096588544,0.0012567706551013243,0.8043332192648476,0.9995794807086172,-0.00042051929138275934,0.0,0.9805825242718447,0.2982817590236664,824.0,808.0,-640.2883028643677,-364.17003414102385,0.05211084269348567,0.26690657638027915,-0.26274076380508404,0.0007814249237666562,0.50011195121066,0.4059182590859791,-0.14627761141161955,0.001240545157502819,0.7939489008018041,0.868166719054102,-0.3322316672457646,0.001917760217033243,1.2273665389012756,1.533584491122042,-0.577770628361236,0.002717852288694138,1.7394254647642482,0.6248070047811999,2.3898328891111427,1.0
8.4,252,-0.31261353596653396,0.32037235311229995,-0.0011342599061852196,-0.7259263399585405,0.9996507503879855,-0.0003492496120145461,0.0,0.9476248477466505,0.3044110834598541,821.0,778.0,-640.6009164003342,-363.84966178791154,0.050976582787300447,-0.10461053971471301,-0.08228676938676927,-0.0004058685908129647,-0.2597558981202974,-0.37151711609499216,0.18045399441831478,-0.001187293514579621,-0.7598678493309574,-0.7774353751809713,0.3267316058299343,-0.00242783867208244,-1.5538167501327615,-1.6456020942350733,0.6589632730756989,-0.004345598889115683,-2.781183289034037,0.29186915569103433,3.298062967108979,1.0
8.433333,253,-0.15449871571580412,0.6103123864041186,3.124473169284815e-06,0.0019996628283422816,0.9998710330584836,-0.0001289669415164285,0.0,0.991764705882353,0.3906278610229492,850.0,843.0,-640.75541511605,-363.2393494015074,0.05097970726046973,-0.28489051287021994,0.3780198061133433,-0.0004069737273163995,-0.2604631854824957,-0.18027997315550692,0.46030657550011256,-1.1051365034348004e-06,-0.0007072873621982723,0.19123714293948524,0.2798525810817978,0.0011861883780761862,0.7591605619687591,0.9686725181204565,-0.046879024748136544,0.003614027050158626,2.3129773121015207,0.5402801580005651,2.508064619705708,1.0
8.466666,254,0.6454660487078666,-0.4142813358032806,0.0012393168250666815,0.7931627680426762,0.9994193931813937,-0.0005806068186062774,0.0,0.9601366742596811,0.39505088329315186,878.0,843.0,-640.1099490673422,-363.65363073731066,0.05221902408553641,0.35848194027062164,-0.1702413492452024,0.0008210566381702394,0.5254762484289532,0.6433724531408416,-0.5482611553585457,0.001228030365486639,0.7859394339114489,0.8236524262963485,-1.0085677308586583,0.0012291355019900738,0.7866467212736472,0.6324152833568633,-1.288420311940456,4.294712391388761e-05,0.02748615930488807,0.6584957905377858,1.4355248098857147,1.0
8.5,255,-0.5683028000637511,0.7281969512484869,-0.0011076989856137998,-0.7089273507928319,1.0002432946890933,0.00024329468909334295,0.0,0.9430992736077481,0.2452448010444641,826.0,779.0,-640.678251867406,-362.9254337860622,0.051111325099922604,-0.19039205193655562,0.4453383755994764,-0.00031268001961708147,-0.20011521255493214,-0.5488739922071773,0.6155797248446788,-0.001133736657787321,-0.7255914609838854,-1.1922464453480188,1.1638408802032245,-0.00236176702327396,-1.5115308948953343,-2.0158988716443673,2.1724086110618828,-0.0035909025252640336,-2.2981776161689815,0.5240434147263927,3.75031035910003,1.0
8.533334,256,-0.05401899868569534,-0.44493026079766723,8.526660010590649e-05,0.054570624067780155,1.0002226952230546,0.0002226952230546253,0.0,0.965311004784689,0.23438163101673126,836.0,807.0,-640.7322708660917,-363.37036404685983,0.051196591700028514,-0.19492950639778428,-0.08801755429169589,-0.0002255318518663979,-0.14434038519449466,-0.004537454461228663,-0.5333559298911723,8.714816775068357e-05,0.055774827360437484,0.5443365377459486,-1.1489356547358511,0.0012208848255380045,0.7813662883443229,1.7365829830939674,-2.3127765349390756,0.0035826518488119644,2.292897183239657,0.25802858199445766,3.6908038759387765,1.0
8.566667,257,0.216396742069359,0.5585469420315744,0.0009808865984269651,0.6277674229932577,0.9999377104667738,-6.228953322617858e-05,0.0,0.9440715883668904,0.28270411491394043,894.0,844.0,-640.5158741240223,-362.81181710482826,0.05217747829845548,0.09182306687830533,0.381971143925,0.0007300536508286701,0.46723433653034885,0.2867525732760896,0.46998869821669587,0.000955585502695068,0.6115747217248435,0.29129002773731827,1.0033446281078682,0.0008684373349443844,0.555799894364406,-0.2530465100086303,2.1522802828437193,-0.00035244749059362007,-0.22556639397991685,0.6104435728511408,2.1788123256119354,1.0
8.6,258,-0.154189906057824,-0.4709179954010285,-0.0006102858321008832,-0.3905829325445653,0.9999391193346432,-6.088066535681058e-05,0.0,0.9887005649717514,0.3679232895374298,885.0,875.0,-640.6700640300801,-363.2827351002293,0.0515671924663546,0.03348024911849734,-0.12337870366337711,0.0001030934413169815,0.06597980244286816,-0.058342817759807986,-0.5053498475883771,-0.0006269602095116886,-0.4012545340874807,-0.3450953910358976,-0.975338545805073,-0.0015825457122067565,-1.0128292558123242,-0.6363854187732159,-1.9786831739129411,-0.002450983047151141,-1.5686291501767302,0.14386301098299029,2.6039913430611716,1.0
8.633333,259,-0.5752649047800567,0.7072153535451543,-0.0007313598388443789,-0.4680702968604025,1.0005964349070886,0.0005964349070886055,0.0,0.9810267857142857,0.42742159962654114,896.0,879.0,-641.2453289348601,-362.5755197466841,0.05083583262751022,-0.4132348609014116,0.547950790359323,-0.0006330517265852806,-0.4051531050145796,-0.44671511001990893,0.6713294940227001,-0.0007361451679022621,-0.47113290745744774,-0.38837229226010095,1.1766793416110772,-0.00010918495839057352,-0.06987837336996705,-0.04327690122420336,2.15201788741615,0.001473360753816183,0.9429508824423571,0.7969706126467717,2.349938349114176,1.0
8.666667,260,0.8736353763992691,-0.9256889247862933,0.0021860645448844892,1.3990813087260732,0.9996283856182054,-0.0003716143817945605,0.0,0.9612756264236902,0.509143590927124,878.0,844.0,-640.3716935584608,-363.5012086714704,0.05302189717239471,0.592820013098617,-0.3832163027797151,0.0015017004260906158,0.9610882726979941,1.0060548740000286,-0.9311670931390381,0.0021347521526758964,1.3662413777125737,1.4527699840199375,-1.6024965871617383,0.0028708973205781585,1.8373742851700214,1.8411422762800385,-2.7791759287728155,0.002980082278968732,1.9072526585399885,1.1924684358774502,3.8407338397868367,1.0
8.7,261,-1.0558959622943087,0.4673422708532243,-0.002656540584392884,-1.7001859740114458,1.0009419928361118,0.000941992836111849,0.0,0.9718826405867971,0.35816052556037903,818.0,795.0,-641.4275895207552,-363.03386640061717,0.05036535658800182,-0.2938125063027428,0.10670778256076119,-0.0011851949069885542,-0.7585247404726747,-0.8866325194013598,0.48992408534047627,-0.00268689533307917,-1.7196130131706688,-1.8926873934013884,1.4210911784795144,-0.0048216474857550665,-3.0858543908832425,-3.345457377421326,3.0235877656412526,-0.007692544806333225,-4.923228676053264,0.8204097278970262,6.6762525893941,1.0
8.733334,262,0.27365469295911227,-0.08375695720183751,0.0014864459852702134,0.9513254305729366,1.000196352027587,0.00019635202758694348,0.0,0.979933110367893,0.25345712900161743,897.0,879.0,-641.1539348277961,-363.117623357819,0.051851802573272036,0.14976359647801019,0.061889147716101434,0.00021897417016953497,0.14014346890850238,0.443576102780753,-0.044818634844659755,0.0014041690771580892,0.8986682093811771,1.3302086221821128,-0.534742720185136,0.004091064410237259,2.618281222551846,3.222896015583501,-1.9558338986646504,0.008912711895992326,5.7041356134350885,0.21424190372745025,6.837361191489614,1.0
8.766666,263,-0.2573613956929884,-0.3051488725117598,-0.0003554735367887251,-0.22750306354478406,1.0005293006790048,0.0005293006790048072,0.0,0.9667405764966741,0.2541261315345764,902.0,872.0,-641.4112962234891,-363.4227722303308,0.05149632903648331,0.09549804697064701,-0.18389970817173662,-0.00016673075931196435,-0.10670768595965718,-0.054265549507363176,-0.24578885588783805,-0.0003857049294814993,-0.24685115486815956,-0.49784165228811617,-0.2009702210431783,-0.0017898740066395885,-1.1455193642493366,-1.828050274470229,0.3337724991419577,-0.005880938416876848,-3.7638005868011826,0.2330783342220435,4.197542941338311,1.0
8.8,264,-0.39011233927927425,0.09709268577845181,-0.00019705407499788337,-0.12611460799864535,1.0006857971256502,0.0006857971256502005,0.0,0.9746543778801844,0.23356013000011444,868.0,846.0,-641.8014085627684,-363.3256795445523,0.051299274961485425,-0.07002681680171463,0.004778175146100239,-0.0004162180112999292,-0.2663795272319547,-0.16552486377236164,0.18867788331783686,-0.00024948725198796484,-0.1596718412722975,-0.11125931426499847,0.4344667392056749,0.00013621767749353447,0.08717931359586206,0.3865823380231177,0.6354369602488532,0.001926091684133123,1.2326986778451987,0.275471665616316,1.4397124938275085,1.0
8.833333,265,-0.09934741114907031,-0.21915170166177628,0.0005609802296001048,0.359027346944067,1.000564161368393,0.0005641613683931013,0.0,0.9839449541284404,0.21469157934188843,872.0,858.0,-641.9007559739175,-363.5448312462141,0.05186025519108553,0.0532452435883215,-0.09303307534679561,7.419108183794737e-05,0.04748229237628632,0.12327206039003613,-0.09781125049289585,0.0004904090931378766,0.313861819608241,0.2887969241623978,-0.2864891338107327,0.0007398963451258414,0.4735336608805385,0.40005623842739624,-0.7209558730164076,0.0006036786676323069,0.38635434728467644,0.11723812162675322,0.9105449172925499,1.0
8.866667,266,-0.27151099431196724,-0.34517775283699914,9.210678339670948e-05,0.05894834137389407,1.0008536663084657,0.0008536663084657281,0.0,0.9661399548532731,0.2313995361328125,886.0,856.0,-642.1722669682295,-363.8900089990511,0.05195236197448224,0.05501544231844946,-0.2993284689748066,0.00012699183297665284,0.08127477310505782,0.0017701987301279587,-0.20629539362801097,5.280075113870547e-05,0.0337924807287715,-0.12150186165990817,-0.10848414313511512,-0.0004376083419991711,-0.2800693388794695,-0.41029878582230594,0.1780049906756176,-0.0011775046871250125,-0.753602999760008,0.315007650661972,0.8763266238109897,1.0
8.9,267,-0.4527090277983409,0.30023036607507936,-0.00041986656474013874,-0.2687146014336888,1.0008032149616406,0.000803214961640597,0.0,0.9749430523917996,0.22578927874565125,878.0,856.0,-642.6249759960278,-363.589778632976,0.0515324954097421,-0.12070753337388851,0.16902145708553462,-0.00038564657277392195,-0.24681380657531005,-0.17572297569233797,0.4683499260603412,-0.0005126384057505748,-0.32808857968036786,-0.17749317442246593,0.6746453196883522,-0.0005654391568892803,-0.36188106040913937,-0.055991312762557754,0.7831294628234673,-0.00012783081489010917,-0.08181172152966987,0.3225765284156927,0.7893794654199559,1.0
8.933333,268,-0.11144922613480812,-0.40274527112343783,0.000663936840298694,0.4249195777911641,1.0005864772479718,0.0005864772479717839,0.0,0.9977628635346756,0.2560199499130249,894.0,892.0,-642.7364252221627,-363.9925239040994,0.052196432250040795,0.07093401764143437,-0.03829892011788161,0.00019631609758338775,0.12564230245336816,0.19164155101532288,-0.20732037720341623,0.0005819626703573097,0.3724561090286782,0.36736452670766084,-0.6756703032637574,0.0010946010761078845,0.7005446887090461,0.5448577011301268,-1.3503156229521096,0.0016600402329971647,1.0624257491181854,0.14927970493920076,1.8024901299199083,1.0
8.966666,269,-0.39022679543261996,-0.17224131578459434,-4.044252280661695e-05,-0.025883214596234848,1.0010004578607792,0.0010004578607791803,0.0,0.9629629629629629,0.18671509623527527,891.0,858.0,-643.1266520175952,-364.16476521988403,0.052155989727234175,0.011601936860301976,-0.014293035710522872,7.030978920075093e-05,0.044998265088480593,-0.05933208078113239,0.024005884407358735,-0.00012600630838263682,-0.08064403736488757,-0.25097363179645527,0.23132626161077496,-0.0007079689787399465,-0.4531001463935658,-0.6183381585041161,0.9069965648745324,-0.001802570054847831,-1.1536448351026118,0.0486183059115174,1.5924450547869449,1.0
9.0,270,-0.36591524282645005,-0.21389980212946444,6.266079841465676e-05,0.040102910985380325,1.0009819431551086,0.0009819431551085778,0.0,0.9746136865342163,0.20742712914943695,906.0,883.0,-643.4925672604217,-364.3786650220135,0.052218650525648835,-0.020116554737683146,-0.006815029613107981,4.351336811231343e-06,0.0027848555591880597,-0.03171849159798512,0.007478006097414891,-6.595845238951958e-05,-0.042213409529292534,0.02761358918314727,-0.016527878309943844,6.004785599311724e-05,0.03843062783559503,0.27858722097960253,-0.2478541399207188,0.0007680168347330638,0.4915307742291608,0.021421387061235822,0.6169643558450483,1.0
9.033334,271,-0.2542362892026557,-0.2649007977209781,0.0006415419161926274,0.4105868263632816,1.0012081436393698,0.0012081436393698297,0.0,0.9341657207718501,0.19265282154083252,881.0,823.0,-643.7468035496244,-364.6435658197345,0.05286019244184146,0.07456882692054023,-0.025222134551029285,0.0004912996132731759,0.3144317524948326,0.09468538165822338,-0.018407104937921304,0.00048694827646194455,0.3116468969356445,0.1264038732562085,-0.025885111035336195,0.0005529067288514641,0.35386030646493705,0.09879028407306123,-0.00935723272539235,0.0004928588728583469,0.315429678629342,0.32413576321749404,0.3306704706981306,1.0
9.066667,272,-0.5161422965296069,-0.39318022103892675,-0.00037542900011678314,-0.2402745600747412,1.001253211429658,0.0012532114296579522,0.0,0.9793340987370838,0.21469099819660187,871.0,853.0,-644.2629458461539,-365.0367460407734,0.052484763441724674,-0.046098471570985566,-0.1340191606090002,-2.5847222260309832e-05,-0.016542222246598293,-0.1206672984915258,-0.10879702605797092,-0.0005171468355334857,-0.33097397474143087,-0.21535268014974918,-0.09038992112004962,-0.0010040951119954303,-0.6426208716770754,-0.3417565534059577,-0.06450481008471343,-0.0015570018408468944,-0.9964811781420124,0.14268794486002595,1.0554303154217608,1.0
9.1,273,-0.41006489956372955,0.03008356533760534,0.0005976663731132766,0.382506478792497,1.0013745746367078,0.0013745746367077594,0.0,0.9841849148418491,0.27281874418258667,822.0,809.0,-644.6730107457176,-365.0066624754358,0.05308242981483795,-0.05812421175653526,0.17709813777003092,0.00036308850750359917,0.23237664480230347,-0.012025740185549694,0.3111172983790311,0.000388935729763909,0.24891886704890176,0.1086415583059761,0.41991432443700205,0.0009060825652973947,0.5798928417903326,0.3239942384557253,0.5103042455570517,0.001910177677292825,1.222513713467408,0.2978944098896576,1.3637897452327206,1.0
9.133333,274,-0.1262426803704443,-0.6682466763505844,0.0003971828559609893,0.25419702781503317,1.0010648392866124,0.0010648392866123846,0.0,0.9458483754512635,0.39422541856765747,831.0,786.0,-644.7992534260881,-365.6749091517864,0.05347961267079894,0.20523330606704349,-0.13633330145410127,0.0004690983405407495,0.3002229379460797,0.26335751782357875,-0.3134314392241322,0.00010600983303715034,0.06784629314377622,0.27538325800912844,-0.6245487376031633,-0.00028292589672675866,-0.18107257390512554,0.16674169970315234,-1.0444630620401654,-0.0011890084620241534,-0.7609654156954582,0.3883829186171287,1.3029866638883056,1.0
9.166667,275,-0.917628986229357,-0.01808597224819348,-0.0007869821592656988,-0.5036685819300473,1.0021903829565015,0.0021903829565015354,0.0,0.9589867310012062,0.3483547270298004,829.0,795.0,-645.7168824123174,-365.69299512403455,0.052692630511533244,-0.2807657426200194,0.19049503857104355,-0.0005949346036445077,-0.38075814633248495,-0.4859990486870629,0.3268283400251448,-0.0010640329441852572,-0.6809810842785646,-0.7493565665106416,0.640259779249277,-0.0011700427772224076,-0.7488273774223408,-1.02473982451977,1.2648085168524403,-0.0008871168804956489,-0.5677548035172153,0.5099946352146308,1.7240005247029802,1.0
9.2,276,-0.04238119904388872,-0.4472910035062385,0.0010941830371213792,0.7002771437576827,1.0013033775877627,0.0013033775877626663,0.0,0.9444444444444444,0.36138999462127686,882.0,833.0,-645.7592636113613,-366.1402861275408,0.053786813548654624,0.06697516222345712,0.16411520581533523,4.112035353855126e-05,0.026317026264672805,0.34774090484347653,-0.02637983275570832,0.000636054957183059,0.40707517259715775,0.8337399535305394,-0.35320817278085315,0.0017000879013683162,1.0880562568757224,1.583096520041181,-0.9934679520301302,0.002870130678590724,1.8368836342980632,0.1791983789158923,2.6205561717752777,1.0
9.233334,277,-0.6418902561493731,-0.550829982346128,-0.0006572383343314002,-0.42063253397209616,1.0016767736528702,0.0016767736528702226,0.0,0.9698067632850241,0.22280685603618622,828.0,803.0,-646.4011538675107,-366.6911161098869,0.053129575214323224,-0.13584050162091899,0.05993910150175452,-0.000990573537704889,-0.633967064131129,-0.2028156638443761,-0.10417610431358071,-0.0010316938912434404,-0.6602840903958018,-0.5505565686878526,-0.07779627155787239,-0.0016677488484264993,-1.0673592629929596,-1.384296522218392,0.27541190122298076,-0.0033678367497948156,-2.155415519868682,0.6511217829043224,2.5764208973015204,1.0
9.266666,278,-0.4258073397874509,-0.14800620427657196,0.0008205313849332707,0.5251400863572933,1.001869204485855,0.001869204485855036,0.0,0.9570405727923628,0.253567636013031,838.0,802.0,-646.8269612072982,-366.83912231416343,0.053950106599256496,-0.13009182779910589,0.38189765566636424,-0.0006370029484145112,-0.4076818869852872,0.0057486738218130995,0.3219585541646097,0.0003535705892903779,0.22628517714584184,0.2085643376661892,0.42613465847819043,0.0013852644805338182,0.8865692675416437,0.7591209063540418,0.5039309300360628,0.0030530133289603176,1.9539285305346032,0.5735627463839171,2.155933123997103,1.0
9.3,279,-0.39797146246551823,-0.6351048072245131,0.00039550386265822606,0.2531224721012647,1.00192185589328,0.0019218558932800889,0.0,0.9697336561743342,0.2205985188484192,826.0,801.0,-647.2249326697637,-367.47422712138797,0.054345610461914724,-0.0747411789097896,0.2473893044907527,-0.0007090924598907797,-0.453819174330099,0.05535064888931629,-0.13450835117561155,-7.208951147626846e-05,-0.04613728734481182,0.04960197506750319,-0.4564669053402213,-0.00042566010076664634,-0.27242246449065366,-0.158962362598686,-0.8826015638184117,-0.0018109245813004646,-1.1589917320322973,0.5222447269153575,1.4654406805111173,1.0
9.333333,280,-0.704962468410371,-0.4938060643583659,0.0003521153768642921,0.22535384119314694,1.002171268782376,0.002171268782376057,0.0,0.9675090252707581,0.24065366387367249,831.0,804.0,-647.9298951381741,-367.9680331857463,0.054697725838779014,-0.2912951278268565,0.2823027004664027,-0.0008348532587973689,-0.5343060856303161,-0.21655394891706692,0.03491339597565002,-0.00012576079890658926,-0.08048691130021712,-0.2719045978063832,0.16942174715126157,-5.367128743032079e-05,-0.034349623955405306,-0.3215065728738864,0.6258886524914828,0.00037198881333632555,0.23807284053524835,0.6708432449744716,0.7428201391448925,1.0
9.366667,281,-0.33664607032273447,-0.5160114431253982,0.0005366414572437678,0.34345053263601144,1.0012425890896912,0.001242589089691215,0.0,0.9877641824249166,0.39621055126190186,899.0,888.0,-648.2665412084968,-368.48404462887174,0.05523436729602278,-0.13196305604890313,0.3096503862946065,-0.0008089585097702384,-0.5177334462529526,0.1593320717779534,0.027347685828203794,2.5894749027130515e-05,0.01657263937736353,0.3758860206950203,-0.007565710147446225,0.00015165554793371977,0.09705955067758065,0.6477906185014035,-0.1769874572987078,0.00020532683536404056,0.13140917463298596,0.6175318058716683,0.6842701342578204,1.0
9.4,282,-0.3944018902050016,-0.64660520161733,0.0009638929776010092,0.6168915056646459,1.0020807863752672,0.0020807863752672073,0.0,0.9898305084745763,0.24855059385299683,885.0,876.0,-648.6609430987019,-369.13064983048906,0.05619826027362379,0.010482323677706518,0.20876074502319852,-0.000304977336954608,-0.19518549565094911,0.14244537972660964,-0.10088964127140798,0.0005039811728156304,0.3225479506020035,-0.016886692051343744,-0.12823732709961178,0.0004780864237884999,0.30597531122463995,-0.39277271274636405,-0.12067161695216555,0.00032643087585478014,0.2089157605470593,0.28598654773403553,0.4609531841965561,1.0
9.433333,283,-0.7054124600997063,-0.41213977710441896,-2.7579696438095498e-05,-0.01765100572038112,1.002152216563862,0.0021522165638621082,0.0,0.9709821428571429,0.27127641439437866,896.0,870.0,-649.3663555588016,-369.5427896075935,0.056170680577185696,-0.11515786786173976,0.3176285858857,-0.0007125495147570562,-0.456031689444516,-0.12564019153944628,0.10886784086250145,-0.00040757217780244825,-0.2608461937935669,-0.2680855712660559,0.20975748213390943,-0.0009115533506180787,-0.5833941443955704,-0.2511988792147122,0.3379948092335212,-0.0013896397744065786,-0.8893694556202103,0.5675510152222714,0.9840322131809106,1.0
9.466666,284,-0.6183033755140537,-0.5513687780995252,0.0006221016885371562,0.39814508066377996,1.0025525135396125,0.0025525135396125,0.0,0.9685393258426966,0.284661203622818,890.0,862.0,-649.9846589343157,-370.094158385693,0.05679278226572285,-0.16281888919070298,0.33066050792189117,-0.0005642245253574124,-0.36110369622874394,-0.047661021328963216,0.01303192203619119,0.00014832498939964384,0.09492799321577206,0.07797917021048306,-0.09583591882631026,0.0005558971672020921,0.35577418700933894,0.346064741476539,-0.3055934009602197,0.0014674505178201708,0.9391683314049093,0.515986668051141,1.046511006496128,1.0
9.5,285,-0.1774436497849436,-1.183703588185459,0.0014644795895121861,0.9372669372877991,1.0021268515843116,0.0021268515843115843,0.0,0.9654320987654321,0.3927551805973053,810.0,782.0,-650.1621025841006,-371.27786197387843,0.05825726185523504,0.25942323661877253,-0.30115185672030975,0.00047594899896050147,0.30460735933472094,0.4222421258094755,-0.6318123646422009,0.0010401735243179139,0.6657110555634649,0.4699031471384387,-0.6448442866783921,0.00089184853491827,0.5707830623476928,0.39192397692795566,-0.5490083678520818,0.00033595136771617795,0.2150088753383539,0.500777894744488,0.7079854575744443,1.0
9.533334,286,-1.1500998730070682,-0.027695293349277228,-0.000479005729901431,-0.30656366713691585,1.0029313486438176,0.0029313486438176106,0.0,0.9723502304147466,0.3150033950805664,868.0,844.0,-651.3122024571077,-371.3055572672277,0.05777825612533361,-0.25977404742923227,0.20403572459707675,-0.00036462861649420863,-0.23336231455629353,-0.5191972840480048,0.5051875813173865,-0.0008405776154547101,-0.5379696738910145,-0.9414394098574803,1.1369999459595874,-0.001880751139772624,-1.2036807294544793,-1.411342556995919,1.7818442326379795,-0.002772599674690894,-1.7744637918021722,0.4044392444912952,2.8836744668894148,1.0
9.566667,287,-0.05834759134101464,-0.863722557671645,0.0013457103129191827,0.8612546002682769,1.001338134195468,0.0013381341954679105,0.0,0.9745011086474501,0.4487261474132538,902.0,879.0,-651.3705500484486,-372.1692798248993,0.059123966438252795,0.346171155493721,-0.1523111795771115,0.0006955075362117744,0.4451248231755356,0.6059452029229533,-0.35634690417418824,0.001060136152705983,0.6784871377318291,1.125142486970958,-0.8615344854915747,0.001900713768160693,1.2164568116228436,2.0665818968284384,-1.9985344314511622,0.003781464907933317,2.420137541077323,0.5840969718523465,3.7579204791648584,1.0
9.6,288,-0.537016704714905,-0.7644945641940069,0.0009884492456465428,0.6326075172137874,1.0026011734711213,0.002601173471121321,0.0,0.9775280898876404,0.27019375562667847,890.0,870.0,-651.9075667531636,-372.93377438909334,0.060112415683899335,0.5090108422875801,-0.4414361837356182,0.0014876438926842914,0.9520920913179465,0.16283968679385907,-0.2891250041585067,0.000792136356472517,0.5069672681424109,-0.4431055161290942,0.06722190001568151,-0.000267999796233466,-0.17151986958941823,-1.5682480031000523,0.9287563855072563,-0.002168713564394159,-1.3879766812122618,1.1663778513961756,2.2909538385652404,1.0
9.633333,289,-1.1589087149636312,-0.1376079028065252,-0.001029612541335771,-0.6589520264548934,1.0024182098170342,0.0024182098170342226,0.0,0.9671412924424972,0.3474869430065155,913.0,883.0,-653.0664754681272,-373.07138229189985,0.05908280314256356,0.08769550801730475,-0.14217949226122073,0.00036424327891274727,0.23311569850415825,-0.42131533427027534,0.2992566914743975,-0.001123400613771544,-0.7189763928137882,-0.5841550210641344,0.5883816956329042,-0.0019155369702440611,-1.225943660956199,-0.1410495049350402,0.5211597956172227,-0.0016475371740105951,-1.0544237913667809,0.2867898865635839,1.1846147167794692,1.0
9.666667,290,-0.7074413913098674,-0.5391787730458305,0.0003439456626260518,0.22012522408067314,1.002746577392848,0.002746577392847893,0.0,0.97,0.2991006672382355,900.0,873.0,-653.7739168594371,-373.61056106494567,0.05942674880518961,0.15775787852555823,-0.2894975090734988,0.0007301892315403694,0.4673211081858364,0.07006237050825348,-0.14731801681227807,0.0003659459526276221,0.23420540968167813,0.4913777047785288,-0.44657470828667556,0.0014893465663991662,0.9531818024954664,1.0755327258426632,-1.0349564039195798,0.0034048835366432273,2.1791254634516655,0.571913782097165,2.6413052053551356,1.0
9.7,291,-0.9212433576470617,-0.3673069445451471,-0.0007388411893044621,-0.4728583611548558,1.0022616917753113,0.0022616917753113253,0.0,0.9584245076586433,0.3034936785697937,914.0,876.0,-654.6951602170842,-373.9778680094908,0.058687907615885146,0.05610205576124372,-0.3164464077250386,0.00014240024037390914,0.09113615383930185,-0.10165582276431451,-0.02694889865153982,-0.0005877889911664602,-0.37618495434653454,-0.171718193272568,0.12036911816073825,-0.0009537349437940823,-0.6103903640282127,-0.6630958980510968,0.5669438264474138,-0.0024430815101932485,-1.563572166523679,0.33405324150401533,1.7904969679635252,1.0
9.733334,292,-1.0494441619386998,0.09791333432012503,-0.0005687205272281647,-0.3639811374260254,1.0027939252166838,0.002793925216683757,0.0,0.9687150837988827,0.3443071246147156,895.0,867.0,-655.7446043790229,-373.87995467517067,0.05811918708865698,-0.12949740628994277,0.0638233898559406,-0.00013295263488073,-0.0850896863236672,-0.1855994620511865,0.38026979758097923,-0.00027535287525463914,-0.17622584016296905,-0.08394363928687198,0.40721869623251905,0.0003124361159118211,0.1999591141835655,0.087774553985696,0.2868495780717808,0.0012661710597059034,0.8103494782117782,0.1675806016434658,0.8640910424286596,1.0
9.766666,293,-1.0389073041978647,-0.23986868869505334,-0.0005575387482705241,-0.35682479889313545,1.0031276756707121,0.003127675670712149,0.0,0.9577006507592191,0.2983226776123047,922.0,883.0,-656.7835116832208,-374.1198233638657,0.057561648340386455,-0.25812945365566975,0.04181070949636023,-0.0002415447316431174,-0.15458862825159514,-0.12863204736572698,-0.022012680359580372,-0.0001085920967623874,-0.06949894192792794,0.056967414685459516,-0.4022824779405596,0.00016676077849225174,0.10672689823504111,0.1409110539723315,-0.8095011741730787,-0.00014567533741956934,-0.09323221594852438,0.3037706277076068,0.8269463841204329,1.0
9.8,294,-0.9665483056623929,-0.22002947258625108,-0.0006509031588749314,-0.4165780216799561,1.0025239439000126,0.0025239439000126485,0.0,0.9592711682743837,0.33629658818244934,933.0,895.0,-657.7500599888832,-374.33985283645194,0.05691074518151153,-0.2657985536011438,-0.0313620819724747,-0.0002746586937762141,-0.17578156401677703,-0.007669099945474045,-0.07317279146883493,-3.31139621330967e-05,-0.021192935765181886,0.12096294742025293,-0.05116011110925456,7.54781346292907e-05,0.04830600616274605,0.06399553273479341,0.35112236683130504,-9.128264386296103e-05,-0.05842089207229506,0.32020557385887677,0.36165639124692694,1.0
9.833333,295,-0.8903588867772173,0.34306710008494923,-0.0011846230797909836,-0.7581587710662295,1.0022167371064294,0.002216737106429445,0.0,0.962486602357985,0.3299894630908966,933.0,898.0,-658.6404188756604,-373.996785736367,0.055726122101720545,-0.146500893836901,0.38106349971906184,-0.000659386485892581,-0.42200735097125186,0.11929765976424278,0.41242558169153654,-0.00038472779211636693,-0.24622578695447483,0.12696675970971683,0.48559837316037147,-0.00035161382998327023,-0.22503285118929295,0.0060038122894638946,0.536758484269626,-0.00042709196461256094,-0.273338857352039,0.5871644633209028,0.6023784915947379,1.0
9.866667,296,-1.2329138235893187,0.008549910373787531,-0.0013238872558731392,-0.8472878437588092,1.002889493280253,0.0028894932802530082,0.0,0.9574920297555791,0.2886364758014679,941.0,901.0,-659.8733326992498,-373.9882358259932,0.05440223484584741,-0.31680743812023593,0.37497481989601056,-0.0009880088174592308,-0.6323256431739077,-0.17030654428333492,-0.0060886798230512795,-0.00032862233156664977,-0.21031829220265585,-0.2896042040475777,-0.4185142615145878,5.6105460549717157e-05,0.03590749475181898,-0.4165709637572945,-0.9041126346749593,0.0004077192905329874,0.26094034594111193,0.8005053325366726,1.029097122804473,1.0
9.9,297,-0.7256716736646482,-0.28794954653007965,-0.0002868067966419908,-0.1835563498508741,1.0026834212301796,0.0026834212301796168,0.0,0.9393258426966292,0.3625032305717468,890.0,836.0,-660.5990043729145,-374.27618537252323,0.05411542804920542,0.07525229222574126,-0.018109260927133164,-7.091750746376219e-05,-0.0453872047768078,0.3920597303459772,-0.3930840808231437,0.0009170913099954686,0.5869384383970999,0.5623662746293121,-0.38699540100009244,0.0012457136415621184,0.7972567305997558,0.8519704786768898,0.03151886051449537,0.0011896081810124012,0.7613492358479368,0.08972653550654475,1.1430222193952742,1.0
9.933333,298,-0.8528084469539988,-0.04124660362762992,-0.0004134333528638327,-0.26459734583285294,1.002641109649651,0.00264110964965103,0.0,0.9307262569832402,0.27930235862731934,895.0,833.0,-661.4518128198685,-374.3174319761509,0.053701994696341585,0.39747276592697744,-0.26148521523668933,0.0009414439743399006,0.6025241435775364,0.3222204737012362,-0.24337595430955616,0.0010123614818036628,0.6479113483543442,-0.069839256644741,0.14970812651358756,9.527017180819414e-05,0.06097290995724425,-0.6322055312740531,0.53670352751368,-0.0011504434697539243,-0.7362838206425115,0.7677203013043639,1.1089852905963493,1.0
